 i 	 x 	 y 	 xe 	 ye
0	180	0.000292778	-1	-1	
1	176.54	0.0002932	-1	-1	
2	173.09	0.000294423	-1	-1	
3	169.67	0.000296325	-1	-1	
4	166.29	0.000298708	-1	-1	
5	162.97	0.000301302	-1	-1	
6	159.72	0.00030378	-1	-1	
7	156.55	0.000305774	-1	-1	
8	153.46	0.000306892	-1	-1	
9	150.46	0.000306743	-1	-1	
10	147.56	0.000304965	-1	-1	
11	144.75	0.000301252	-1	-1	
12	142.04	0.000295374	-1	-1	
13	139.43	0.000287203	-1	-1	
14	136.92	0.000276726	-1	-1	
15	134.5	0.000264048	-1	-1	
16	132.17	0.000249394	-1	-1	
17	129.93	0.000233094	-1	-1	
18	127.77	0.000215571	-1	-1	
19	125.7	0.000197314	-1	-1	
20	123.7	0.000178858	-1	-1	
21	121.77	0.000160751	-1	-1	
22	119.92	0.00014353	-1	-1	
23	118.13	0.000127693	-1	-1	
24	116.4	0.000113669	-1	-1	
25	114.74	0.0001018	-1	-1	
26	113.12	9.23174e-05	-1	-1	
27	111.56	8.53323e-05	-1	-1	
28	110.05	8.08304e-05	-1	-1	
29	108.58	7.86765e-05	-1	-1	
30	107.16	7.86276e-05	-1	-1	
31	105.78	8.03547e-05	-1	-1	
32	104.44	8.34692e-05	-1	-1	
33	103.13	8.75531e-05	-1	-1	
34	101.86	9.21868e-05	-1	-1	
35	100.62	9.69755e-05	-1	-1	
36	99.41	0.000101569	-1	-1	
37	98.23	0.000105674	-1	-1	
38	97.07	0.000109065	-1	-1	
39	95.95	0.000111583	-1	-1	
40	94.84	0.000113134	-1	-1	
41	93.76	0.000113688	-1	-1	
42	92.7	0.000113268	-1	-1	
43	91.66	0.000111948	-1	-1	
44	90.64	0.000109844	-1	-1	
45	89.64	0.000107107	-1	-1	
46	88.65	0.000103913	-1	-1	
47	87.68	0.000100453	-1	-1	
48	86.73	9.69236e-05	-1	-1	
49	85.79	9.35125e-05	-1	-1	
50	84.87	9.03894e-05	-1	-1	
51	83.96	8.76946e-05	-1	-1	
52	83.06	8.55321e-05	-1	-1	
53	82.17	8.39645e-05	-1	-1	
54	81.3	8.3012e-05	-1	-1	
55	80.44	8.26541e-05	-1	-1	
56	79.58	8.28347e-05	-1	-1	
57	78.74	8.34679e-05	-1	-1	
58	77.91	8.44469e-05	-1	-1	
59	77.08	8.56513e-05	-1	-1	
60	76.27	8.69556e-05	-1	-1	
61	75.46	8.82362e-05	-1	-1	
62	74.66	8.93768e-05	-1	-1	
63	73.87	9.0273e-05	-1	-1	
64	73.09	9.08351e-05	-1	-1	
65	72.31	9.09906e-05	-1	-1	
66	71.55	9.06843e-05	-1	-1	
67	70.78	8.98794e-05	-1	-1	
68	70.03	8.85569e-05	-1	-1	
69	69.27	8.6715e-05	-1	-1	
70	68.53	8.43691e-05	-1	-1	
71	67.79	8.15494e-05	-1	-1	
72	67.06	7.83009e-05	-1	-1	
73	66.33	7.46812e-05	-1	-1	
74	65.6	7.07582e-05	-1	-1	
75	64.88	6.66087e-05	-1	-1	
76	64.17	6.23153e-05	-1	-1	
77	63.46	5.79635e-05	-1	-1	
78	62.75	5.36392e-05	-1	-1	
79	62.05	4.94255e-05	-1	-1	
80	61.35	4.53999e-05	-1	-1	
81	60.66	4.16319e-05	-1	-1	
82	59.97	3.81811e-05	-1	-1	
83	59.28	3.50956e-05	-1	-1	
84	58.6	3.24111e-05	-1	-1	
85	57.92	3.01511e-05	-1	-1	
86	57.24	2.83268e-05	-1	-1	
87	56.57	2.69379e-05	-1	-1	
88	55.9	2.59741e-05	-1	-1	
89	55.23	2.54162e-05	-1	-1	
90	54.56	2.52373e-05	-1	-1	
91	53.9	2.54047e-05	-1	-1	
92	53.24	2.58807e-05	-1	-1	
93	52.58	2.66239e-05	-1	-1	
94	51.93	2.75903e-05	-1	-1	
95	51.28	2.87343e-05	-1	-1	
96	50.63	3.00094e-05	-1	-1	
97	49.98	3.1369e-05	-1	-1	
98	49.33	3.27673e-05	-1	-1	
99	48.69	3.41598e-05	-1	-1	
100	48.05	3.55045e-05	-1	-1	
101	47.41	3.67624e-05	-1	-1	
102	46.77	3.7898e-05	-1	-1	
103	46.13	3.88803e-05	-1	-1	
104	45.5	3.96835e-05	-1	-1	
105	44.87	4.02869e-05	-1	-1	
106	44.24	4.06753e-05	-1	-1	
107	43.61	4.08395e-05	-1	-1	
108	42.98	4.07755e-05	-1	-1	
109	42.35	4.04849e-05	-1	-1	
110	41.73	3.99738e-05	-1	-1	
111	41.11	3.92527e-05	-1	-1	
112	40.48	3.83357e-05	-1	-1	
113	39.86	3.72401e-05	-1	-1	
114	39.24	3.59853e-05	-1	-1	
115	38.63	3.45923e-05	-1	-1	
116	38.01	3.30832e-05	-1	-1	
117	37.4	3.14808e-05	-1	-1	
118	36.78	2.98076e-05	-1	-1	
119	36.17	2.8086e-05	-1	-1	
120	35.56	2.63376e-05	-1	-1	
121	34.95	2.45829e-05	-1	-1	
122	34.34	2.28416e-05	-1	-1	
123	33.73	2.11317e-05	-1	-1	
124	33.12	1.94699e-05	-1	-1	
125	32.51	1.78713e-05	-1	-1	
126	31.91	1.63495e-05	-1	-1	
127	31.3	1.49165e-05	-1	-1	
128	30.7	1.35824e-05	-1	-1	
129	30.09	1.2356e-05	-1	-1	
130	29.49	1.12442e-05	-1	-1	
131	28.89	1.02525e-05	-1	-1	
132	28.29	9.38489e-06	-1	-1	
133	27.69	8.64377e-06	-1	-1	
134	27.09	8.03033e-06	-1	-1	
135	26.49	7.54455e-06	-1	-1	
136	25.89	7.18524e-06	-1	-1	
137	25.3	6.95029e-06	-1	-1	
138	24.7	6.83672e-06	-1	-1	
139	24.1	6.84085e-06	-1	-1	
140	23.51	6.95843e-06	-1	-1	
141	22.91	7.18473e-06	-1	-1	
142	22.32	7.51472e-06	-1	-1	
143	21.73	7.94309e-06	-1	-1	
144	21.13	8.46436e-06	-1	-1	
145	20.54	9.07297e-06	-1	-1	
146	19.95	9.76331e-06	-1	-1	
147	19.36	1.05298e-05	-1	-1	
148	18.77	1.13667e-05	-1	-1	
149	18.18	1.22685e-05	-1	-1	
150	17.59	1.32295e-05	-1	-1	
151	17	1.42442e-05	-1	-1	
152	16.41	1.53069e-05	-1	-1	
153	15.82	1.64119e-05	-1	-1	
154	15.23	1.75535e-05	-1	-1	
155	14.64	1.87258e-05	-1	-1	
156	14.05	1.99229e-05	-1	-1	
157	13.46	2.11386e-05	-1	-1	
158	12.88	2.23669e-05	-1	-1	
159	12.29	2.36014e-05	-1	-1	
160	11.7	2.48357e-05	-1	-1	
161	11.12	2.60633e-05	-1	-1	
162	10.53	2.72778e-05	-1	-1	
163	9.94	2.84725e-05	-1	-1	
164	9.36	2.96409e-05	-1	-1	
165	8.77	3.07766e-05	-1	-1	
166	8.19	3.18732e-05	-1	-1	
167	7.6	3.29244e-05	-1	-1	
168	7.01	3.39244e-05	-1	-1	
169	6.43	3.48673e-05	-1	-1	
170	5.84	3.57478e-05	-1	-1	
171	5.26	3.65606e-05	-1	-1	
172	4.68	3.73012e-05	-1	-1	
173	4.09	3.79651e-05	-1	-1	
174	3.51	3.85486e-05	-1	-1	
175	2.92	3.90481e-05	-1	-1	
176	2.34	3.94609e-05	-1	-1	
177	1.75	3.97844e-05	-1	-1	
178	1.17	4.00169e-05	-1	-1	
179	0.58	4.01569e-05	-1	-1	
180	0	4.02036e-05	-1	-1	
