 i 	 x 	 y 	 xe 	 ye
0	180	0.000241265	-1	-1	
1	176.54	0.000241691	-1	-1	
2	173.09	0.000242943	-1	-1	
3	169.67	0.000244935	-1	-1	
4	166.29	0.000247527	-1	-1	
5	162.97	0.000250531	-1	-1	
6	159.72	0.000253718	-1	-1	
7	156.55	0.000256829	-1	-1	
8	153.46	0.000259588	-1	-1	
9	150.46	0.000261717	-1	-1	
10	147.56	0.000262957	-1	-1	
11	144.75	0.000263084	-1	-1	
12	142.04	0.000261924	-1	-1	
13	139.43	0.000259372	-1	-1	
14	136.92	0.000255395	-1	-1	
15	134.5	0.000250039	-1	-1	
16	132.17	0.000243426	-1	-1	
17	129.93	0.000235747	-1	-1	
18	127.77	0.000227248	-1	-1	
19	125.7	0.000218219	-1	-1	
20	123.7	0.000208971	-1	-1	
21	121.77	0.000199826	-1	-1	
22	119.92	0.000191089	-1	-1	
23	118.13	0.000183038	-1	-1	
24	116.4	0.000175903	-1	-1	
25	114.74	0.000169855	-1	-1	
26	113.12	0.000164993	-1	-1	
27	111.56	0.000161337	-1	-1	
28	110.05	0.000158832	-1	-1	
29	108.58	0.000157347	-1	-1	
30	107.16	0.000156691	-1	-1	
31	105.78	0.000156629	-1	-1	
32	104.44	0.000156898	-1	-1	
33	103.13	0.000157235	-1	-1	
34	101.86	0.000157389	-1	-1	
35	100.62	0.000157141	-1	-1	
36	99.41	0.000156317	-1	-1	
37	98.23	0.000154794	-1	-1	
38	97.07	0.000152502	-1	-1	
39	95.95	0.000149422	-1	-1	
40	94.84	0.000145585	-1	-1	
41	93.76	0.000141062	-1	-1	
42	92.7	0.000135959	-1	-1	
43	91.66	0.000130411	-1	-1	
44	90.64	0.000124576	-1	-1	
45	89.64	0.000118623	-1	-1	
46	88.65	0.000112728	-1	-1	
47	87.68	0.000107066	-1	-1	
48	86.73	0.0001018	-1	-1	
49	85.79	9.70743e-05	-1	-1	
50	84.87	9.30056e-05	-1	-1	
51	83.96	8.96777e-05	-1	-1	
52	83.06	8.71365e-05	-1	-1	
53	82.17	8.5389e-05	-1	-1	
54	81.3	8.44035e-05	-1	-1	
55	80.44	8.41137e-05	-1	-1	
56	79.58	8.44239e-05	-1	-1	
57	78.74	8.52158e-05	-1	-1	
58	77.91	8.6356e-05	-1	-1	
59	77.08	8.77041e-05	-1	-1	
60	76.27	8.91196e-05	-1	-1	
61	75.46	9.04683e-05	-1	-1	
62	74.66	9.16276e-05	-1	-1	
63	73.87	9.24904e-05	-1	-1	
64	73.09	9.29674e-05	-1	-1	
65	72.31	9.29892e-05	-1	-1	
66	71.55	9.25066e-05	-1	-1	
67	70.78	9.14908e-05	-1	-1	
68	70.03	8.99323e-05	-1	-1	
69	69.27	8.78403e-05	-1	-1	
70	68.53	8.52415e-05	-1	-1	
71	67.79	8.21775e-05	-1	-1	
72	67.06	7.87039e-05	-1	-1	
73	66.33	7.48873e-05	-1	-1	
74	65.6	7.08036e-05	-1	-1	
75	64.88	6.65345e-05	-1	-1	
76	64.17	6.21659e-05	-1	-1	
77	63.46	5.77838e-05	-1	-1	
78	62.75	5.34725e-05	-1	-1	
79	62.05	4.93114e-05	-1	-1	
80	61.35	4.53727e-05	-1	-1	
81	60.66	4.17192e-05	-1	-1	
82	59.97	3.84028e-05	-1	-1	
83	59.28	3.54633e-05	-1	-1	
84	58.6	3.29284e-05	-1	-1	
85	57.92	3.08131e-05	-1	-1	
86	57.24	2.91208e-05	-1	-1	
87	56.57	2.78438e-05	-1	-1	
88	55.9	2.69652e-05	-1	-1	
89	55.23	2.64596e-05	-1	-1	
90	54.56	2.62954e-05	-1	-1	
91	53.9	2.64353e-05	-1	-1	
92	53.24	2.68387e-05	-1	-1	
93	52.58	2.74622e-05	-1	-1	
94	51.93	2.82609e-05	-1	-1	
95	51.28	2.91898e-05	-1	-1	
96	50.63	3.02042e-05	-1	-1	
97	49.98	3.12607e-05	-1	-1	
98	49.33	3.23179e-05	-1	-1	
99	48.69	3.33372e-05	-1	-1	
100	48.05	3.42834e-05	-1	-1	
101	47.41	3.51253e-05	-1	-1	
102	46.77	3.58359e-05	-1	-1	
103	46.13	3.63933e-05	-1	-1	
104	45.5	3.67807e-05	-1	-1	
105	44.87	3.69863e-05	-1	-1	
106	44.24	3.70039e-05	-1	-1	
107	43.61	3.68321e-05	-1	-1	
108	42.98	3.64745e-05	-1	-1	
109	42.35	3.59388e-05	-1	-1	
110	41.73	3.52366e-05	-1	-1	
111	41.11	3.43827e-05	-1	-1	
112	40.48	3.3394e-05	-1	-1	
113	39.86	3.22897e-05	-1	-1	
114	39.24	3.10898e-05	-1	-1	
115	38.63	2.98151e-05	-1	-1	
116	38.01	2.8486e-05	-1	-1	
117	37.4	2.71228e-05	-1	-1	
118	36.78	2.57448e-05	-1	-1	
119	36.17	2.437e-05	-1	-1	
120	35.56	2.30152e-05	-1	-1	
121	34.95	2.16953e-05	-1	-1	
122	34.34	2.04238e-05	-1	-1	
123	33.73	1.92122e-05	-1	-1	
124	33.12	1.80704e-05	-1	-1	
125	32.51	1.70064e-05	-1	-1	
126	31.91	1.60266e-05	-1	-1	
127	31.3	1.51355e-05	-1	-1	
128	30.7	1.43365e-05	-1	-1	
129	30.09	1.36311e-05	-1	-1	
130	29.49	1.30198e-05	-1	-1	
131	28.89	1.25017e-05	-1	-1	
132	28.29	1.2075e-05	-1	-1	
133	27.69	1.17369e-05	-1	-1	
134	27.09	1.14837e-05	-1	-1	
135	26.49	1.13114e-05	-1	-1	
136	25.89	1.12153e-05	-1	-1	
137	25.3	1.11906e-05	-1	-1	
138	24.7	1.1232e-05	-1	-1	
139	24.1	1.13344e-05	-1	-1	
140	23.51	1.14928e-05	-1	-1	
141	22.91	1.17021e-05	-1	-1	
142	22.32	1.19577e-05	-1	-1	
143	21.73	1.22552e-05	-1	-1	
144	21.13	1.25906e-05	-1	-1	
145	20.54	1.296e-05	-1	-1	
146	19.95	1.33604e-05	-1	-1	
147	19.36	1.37887e-05	-1	-1	
148	18.77	1.42423e-05	-1	-1	
149	18.18	1.47191e-05	-1	-1	
150	17.59	1.52169e-05	-1	-1	
151	17	1.5734e-05	-1	-1	
152	16.41	1.62687e-05	-1	-1	
153	15.82	1.68194e-05	-1	-1	
154	15.23	1.73846e-05	-1	-1	
155	14.64	1.79627e-05	-1	-1	
156	14.05	1.8552e-05	-1	-1	
157	13.46	1.91507e-05	-1	-1	
158	12.88	1.97567e-05	-1	-1	
159	12.29	2.03681e-05	-1	-1	
160	11.7	2.09822e-05	-1	-1	
161	11.12	2.15967e-05	-1	-1	
162	10.53	2.22085e-05	-1	-1	
163	9.94	2.28147e-05	-1	-1	
164	9.36	2.34121e-05	-1	-1	
165	8.77	2.39973e-05	-1	-1	
166	8.19	2.45668e-05	-1	-1	
167	7.6	2.51171e-05	-1	-1	
168	7.01	2.56447e-05	-1	-1	
169	6.43	2.61458e-05	-1	-1	
170	5.84	2.66171e-05	-1	-1	
171	5.26	2.70551e-05	-1	-1	
172	4.68	2.74566e-05	-1	-1	
173	4.09	2.78185e-05	-1	-1	
174	3.51	2.81382e-05	-1	-1	
175	2.92	2.84132e-05	-1	-1	
176	2.34	2.86412e-05	-1	-1	
177	1.75	2.88204e-05	-1	-1	
178	1.17	2.89495e-05	-1	-1	
179	0.58	2.90274e-05	-1	-1	
180	0	2.90534e-05	-1	-1	
