 i 	 x 	 y 	 xe 	 ye
0	180	0.000420017	-1	-1	
1	175.99	0.000422127	-1	-1	
2	172.01	0.000428463	-1	-1	
3	168.07	0.000439036	-1	-1	
4	164.21	0.00045386	-1	-1	
5	160.44	0.000472938	-1	-1	
6	156.78	0.000496254	-1	-1	
7	153.24	0.000523754	-1	-1	
8	149.83	0.000555327	-1	-1	
9	146.55	0.000590793	-1	-1	
10	143.42	0.000629884	-1	-1	
11	140.42	0.000672234	-1	-1	
12	137.55	0.000717379	-1	-1	
13	134.82	0.000764757	-1	-1	
14	132.21	0.000813725	-1	-1	
15	129.73	0.00086358	-1	-1	
16	127.36	0.000913585	-1	-1	
17	125.1	0.000962997	-1	-1	
18	122.94	0.00101109	-1	-1	
19	120.88	0.00105715	-1	-1	
20	118.9	0.00110053	-1	-1	
21	117.02	0.00114056	-1	-1	
22	115.21	0.00117662	-1	-1	
23	113.47	0.00120805	-1	-1	
24	111.8	0.00123421	-1	-1	
25	110.2	0.00125442	-1	-1	
26	108.65	0.00126808	-1	-1	
27	107.16	0.00127464	-1	-1	
28	105.71	0.00127371	-1	-1	
29	104.32	0.0012651	-1	-1	
30	102.97	0.00124887	-1	-1	
31	101.66	0.00122532	-1	-1	
32	100.39	0.00119504	-1	-1	
33	99.16	0.00115882	-1	-1	
34	97.96	0.00111758	-1	-1	
35	96.79	0.00107233	-1	-1	
36	95.65	0.00102409	-1	-1	
37	94.54	0.000973824	-1	-1	
38	93.45	0.000922376	-1	-1	
39	92.39	0.000870492	-1	-1	
40	91.35	0.000818802	-1	-1	
41	90.34	0.000767852	-1	-1	
42	89.34	0.000718126	-1	-1	
43	88.36	0.000670094	-1	-1	
44	87.4	0.000624224	-1	-1	
45	86.46	0.000580994	-1	-1	
46	85.53	0.000540875	-1	-1	
47	84.62	0.0005043	-1	-1	
48	83.72	0.000471626	-1	-1	
49	82.84	0.000443094	-1	-1	
50	81.97	0.000418795	-1	-1	
51	81.11	0.000398666	-1	-1	
52	80.27	0.000382489	-1	-1	
53	79.43	0.00036992	-1	-1	
54	78.6	0.000360512	-1	-1	
55	77.79	0.00035376	-1	-1	
56	76.98	0.000349124	-1	-1	
57	76.19	0.000346066	-1	-1	
58	75.4	0.000344071	-1	-1	
59	74.62	0.000342663	-1	-1	
60	73.85	0.000341417	-1	-1	
61	73.08	0.00033997	-1	-1	
62	72.32	0.000338017	-1	-1	
63	71.57	0.000335316	-1	-1	
64	70.83	0.000331679	-1	-1	
65	70.09	0.000326973	-1	-1	
66	69.36	0.00032111	-1	-1	
67	68.63	0.00031405	-1	-1	
68	67.91	0.000305799	-1	-1	
69	67.2	0.000296406	-1	-1	
70	66.49	0.000285964	-1	-1	
71	65.78	0.00027461	-1	-1	
72	65.08	0.000262514	-1	-1	
73	64.39	0.000249874	-1	-1	
74	63.69	0.000236909	-1	-1	
75	63.01	0.000223849	-1	-1	
76	62.32	0.000210927	-1	-1	
77	61.64	0.000198368	-1	-1	
78	60.97	0.000186382	-1	-1	
79	60.29	0.000175157	-1	-1	
80	59.63	0.00016485	-1	-1	
81	58.96	0.000155579	-1	-1	
82	58.3	0.00014742	-1	-1	
83	57.64	0.000140405	-1	-1	
84	56.98	0.000134519	-1	-1	
85	56.33	0.00012971	-1	-1	
86	55.68	0.000125893	-1	-1	
87	55.03	0.000122961	-1	-1	
88	54.38	0.000120793	-1	-1	
89	53.74	0.000119266	-1	-1	
90	53.1	0.000118262	-1	-1	
91	52.46	0.000117672	-1	-1	
92	51.82	0.000117399	-1	-1	
93	51.19	0.000117361	-1	-1	
94	50.56	0.000117486	-1	-1	
95	49.93	0.000117708	-1	-1	
96	49.3	0.000117968	-1	-1	
97	48.68	0.000118209	-1	-1	
98	48.05	0.000118372	-1	-1	
99	47.43	0.000118399	-1	-1	
100	46.81	0.000118228	-1	-1	
101	46.19	0.000117802	-1	-1	
102	45.57	0.000117066	-1	-1	
103	44.96	0.000115974	-1	-1	
104	44.34	0.000114488	-1	-1	
105	43.73	0.00011259	-1	-1	
106	43.12	0.000110274	-1	-1	
107	42.51	0.000107556	-1	-1	
108	41.9	0.00010447	-1	-1	
109	41.3	0.000101066	-1	-1	
110	40.69	9.74118e-05	-1	-1	
111	40.09	9.35844e-05	-1	-1	
112	39.48	8.96699e-05	-1	-1	
113	38.88	8.57571e-05	-1	-1	
114	38.28	8.19345e-05	-1	-1	
115	37.68	7.82859e-05	-1	-1	
116	37.08	7.48876e-05	-1	-1	
117	36.48	7.18062e-05	-1	-1	
118	35.89	6.90967e-05	-1	-1	
119	35.29	6.68023e-05	-1	-1	
120	34.7	6.49536e-05	-1	-1	
121	34.1	6.35699e-05	-1	-1	
122	33.51	6.26592e-05	-1	-1	
123	32.92	6.22196e-05	-1	-1	
124	32.33	6.22404e-05	-1	-1	
125	31.74	6.27028e-05	-1	-1	
126	31.15	6.35813e-05	-1	-1	
127	30.56	6.48445e-05	-1	-1	
128	29.97	6.64557e-05	-1	-1	
129	29.38	6.83738e-05	-1	-1	
130	28.8	7.0554e-05	-1	-1	
131	28.21	7.29485e-05	-1	-1	
132	27.63	7.55068e-05	-1	-1	
133	27.04	7.81772e-05	-1	-1	
134	26.46	8.09064e-05	-1	-1	
135	25.87	8.36416e-05	-1	-1	
136	25.29	8.63302e-05	-1	-1	
137	24.71	8.89211e-05	-1	-1	
138	24.13	9.13659e-05	-1	-1	
139	23.55	9.36187e-05	-1	-1	
140	22.96	9.56379e-05	-1	-1	
141	22.38	9.7386e-05	-1	-1	
142	21.81	9.88304e-05	-1	-1	
143	21.23	9.99442e-05	-1	-1	
144	20.65	0.000100706	-1	-1	
145	20.07	0.000101099	-1	-1	
146	19.49	0.000101114	-1	-1	
147	18.91	0.000100746	-1	-1	
148	18.34	9.99961e-05	-1	-1	
149	17.76	9.88709e-05	-1	-1	
150	17.18	9.7381e-05	-1	-1	
151	16.61	9.55417e-05	-1	-1	
152	16.03	9.33722e-05	-1	-1	
153	15.46	9.08953e-05	-1	-1	
154	14.88	8.81366e-05	-1	-1	
155	14.31	8.51242e-05	-1	-1	
156	13.73	8.18881e-05	-1	-1	
157	13.16	7.84601e-05	-1	-1	
158	12.58	7.48729e-05	-1	-1	
159	12.01	7.11597e-05	-1	-1	
160	11.44	6.73545e-05	-1	-1	
161	10.86	6.34908e-05	-1	-1	
162	10.29	5.96019e-05	-1	-1	
163	9.72	5.57207e-05	-1	-1	
164	9.15	5.18788e-05	-1	-1	
165	8.57	4.8107e-05	-1	-1	
166	8	4.44347e-05	-1	-1	
167	7.43	4.089e-05	-1	-1	
168	6.86	3.74991e-05	-1	-1	
169	6.29	3.42869e-05	-1	-1	
170	5.71	3.12763e-05	-1	-1	
171	5.14	2.84883e-05	-1	-1	
172	4.57	2.5942e-05	-1	-1	
173	4	2.36547e-05	-1	-1	
174	3.43	2.16415e-05	-1	-1	
175	2.86	1.99157e-05	-1	-1	
176	2.28	1.84885e-05	-1	-1	
177	1.71	1.73689e-05	-1	-1	
178	1.14	1.65641e-05	-1	-1	
179	0.57	1.60792e-05	-1	-1	
180	0	1.59173e-05	-1	-1	
