 i 	 x 	 y 	 xe 	 ye
0	180	0.00168774	-1	-1	
1	177.13	0.00170151	-1	-1	
2	174.27	0.00174205	-1	-1	
3	171.43	0.00180708	-1	-1	
4	168.61	0.00189289	-1	-1	
5	165.82	0.0019945	-1	-1	
6	163.06	0.00210591	-1	-1	
7	160.35	0.0022203	-1	-1	
8	157.68	0.00233043	-1	-1	
9	155.06	0.00242898	-1	-1	
10	152.49	0.00250895	-1	-1	
11	149.99	0.00256406	-1	-1	
12	147.54	0.00258913	-1	-1	
13	145.15	0.00258042	-1	-1	
14	142.82	0.00253585	-1	-1	
15	140.56	0.00245522	-1	-1	
16	138.35	0.00234019	-1	-1	
17	136.21	0.00219427	-1	-1	
18	134.13	0.00202256	-1	-1	
19	132.1	0.00183152	-1	-1	
20	130.14	0.00162856	-1	-1	
21	128.22	0.00142157	-1	-1	
22	126.37	0.00121853	-1	-1	
23	124.56	0.00102699	-1	-1	
24	122.81	0.000853682	-1	-1	
25	121.1	0.000704174	-1	-1	
26	119.45	0.000582575	-1	-1	
27	117.83	0.000491391	-1	-1	
28	116.26	0.000431452	-1	-1	
29	114.73	0.000401963	-1	-1	
30	113.24	0.000400633	-1	-1	
31	111.79	0.000423902	-1	-1	
32	110.37	0.000467217	-1	-1	
33	108.98	0.000525351	-1	-1	
34	107.63	0.00059274	-1	-1	
35	106.31	0.000663813	-1	-1	
36	105.02	0.000733296	-1	-1	
37	103.75	0.000796477	-1	-1	
38	102.52	0.000849412	-1	-1	
39	101.31	0.000889079	-1	-1	
40	100.12	0.000913455	-1	-1	
41	98.96	0.000921546	-1	-1	
42	97.81	0.000913345	-1	-1	
43	96.69	0.000889746	-1	-1	
44	95.59	0.000852417	-1	-1	
45	94.51	0.000803644	-1	-1	
46	93.45	0.000746153	-1	-1	
47	92.4	0.000682929	-1	-1	
48	91.37	0.000617034	-1	-1	
49	90.36	0.000551444	-1	-1	
50	89.36	0.000488899	-1	-1	
51	88.38	0.000431785	-1	-1	
52	87.41	0.000382043	-1	-1	
53	86.45	0.00034111	-1	-1	
54	85.51	0.000309889	-1	-1	
55	84.58	0.000288752	-1	-1	
56	83.66	0.000277567	-1	-1	
57	82.75	0.000275748	-1	-1	
58	81.85	0.000282318	-1	-1	
59	80.97	0.000295994	-1	-1	
60	80.09	0.000315268	-1	-1	
61	79.22	0.000338495	-1	-1	
62	78.36	0.000363983	-1	-1	
63	77.51	0.00039007	-1	-1	
64	76.67	0.000415195	-1	-1	
65	75.84	0.000437958	-1	-1	
66	75.01	0.000457168	-1	-1	
67	74.19	0.000471874	-1	-1	
68	73.38	0.000481388	-1	-1	
69	72.58	0.000485289	-1	-1	
70	71.78	0.00048342	-1	-1	
71	70.99	0.000475868	-1	-1	
72	70.21	0.000462946	-1	-1	
73	69.43	0.000445158	-1	-1	
74	68.65	0.000423163	-1	-1	
75	67.89	0.000397738	-1	-1	
76	67.12	0.000369738	-1	-1	
77	66.37	0.000340054	-1	-1	
78	65.61	0.000309582	-1	-1	
79	64.87	0.000279183	-1	-1	
80	64.12	0.000249662	-1	-1	
81	63.39	0.000221737	-1	-1	
82	62.65	0.000196022	-1	-1	
83	61.92	0.000173018	-1	-1	
84	61.2	0.000153102	-1	-1	
85	60.48	0.000136526	-1	-1	
86	59.76	0.000123418	-1	-1	
87	59.04	0.00011379	-1	-1	
88	58.33	0.000107548	-1	-1	
89	57.63	0.0001045	-1	-1	
90	56.92	0.000104379	-1	-1	
91	56.22	0.000106848	-1	-1	
92	55.52	0.000111526	-1	-1	
93	54.83	0.000117996	-1	-1	
94	54.14	0.000125826	-1	-1	
95	53.45	0.000134582	-1	-1	
96	52.76	0.000143839	-1	-1	
97	52.08	0.000153195	-1	-1	
98	51.4	0.000162281	-1	-1	
99	50.72	0.000170766	-1	-1	
100	50.05	0.000178365	-1	-1	
101	49.37	0.000184843	-1	-1	
102	48.7	0.000190013	-1	-1	
103	48.03	0.000193743	-1	-1	
104	47.37	0.00019595	-1	-1	
105	46.7	0.000196596	-1	-1	
106	46.04	0.000195691	-1	-1	
107	45.38	0.000193281	-1	-1	
108	44.72	0.000189449	-1	-1	
109	44.07	0.000184305	-1	-1	
110	43.41	0.000177984	-1	-1	
111	42.76	0.000170638	-1	-1	
112	42.11	0.000162433	-1	-1	
113	41.46	0.000153542	-1	-1	
114	40.81	0.00014414	-1	-1	
115	40.16	0.000134402	-1	-1	
116	39.52	0.000124498	-1	-1	
117	38.87	0.000114589	-1	-1	
118	38.23	0.000104826	-1	-1	
119	37.59	9.53488e-05	-1	-1	
120	36.95	8.62799e-05	-1	-1	
121	36.31	7.77285e-05	-1	-1	
122	35.68	6.97871e-05	-1	-1	
123	35.04	6.25317e-05	-1	-1	
124	34.41	5.60216e-05	-1	-1	
125	33.77	5.03004e-05	-1	-1	
126	33.14	4.53955e-05	-1	-1	
127	32.51	4.13194e-05	-1	-1	
128	31.88	3.80706e-05	-1	-1	
129	31.25	3.56343e-05	-1	-1	
130	30.62	3.39838e-05	-1	-1	
131	30	3.30813e-05	-1	-1	
132	29.37	3.28799e-05	-1	-1	
133	28.75	3.33243e-05	-1	-1	
134	28.12	3.43522e-05	-1	-1	
135	27.5	3.58965e-05	-1	-1	
136	26.88	3.78856e-05	-1	-1	
137	26.25	4.02459e-05	-1	-1	
138	25.63	4.29027e-05	-1	-1	
139	25.01	4.57818e-05	-1	-1	
140	24.39	4.88108e-05	-1	-1	
141	23.78	5.19205e-05	-1	-1	
142	23.16	5.5046e-05	-1	-1	
143	22.54	5.8128e-05	-1	-1	
144	21.92	6.11137e-05	-1	-1	
145	21.31	6.39573e-05	-1	-1	
146	20.69	6.66212e-05	-1	-1	
147	20.08	6.90759e-05	-1	-1	
148	19.46	7.13003e-05	-1	-1	
149	18.85	7.3282e-05	-1	-1	
150	18.24	7.50167e-05	-1	-1	
151	17.63	7.65079e-05	-1	-1	
152	17.01	7.77663e-05	-1	-1	
153	16.4	7.88089e-05	-1	-1	
154	15.79	7.9658e-05	-1	-1	
155	15.18	8.03402e-05	-1	-1	
156	14.57	8.08852e-05	-1	-1	
157	13.96	8.13244e-05	-1	-1	
158	13.35	8.16897e-05	-1	-1	
159	12.74	8.20125e-05	-1	-1	
160	12.13	8.23223e-05	-1	-1	
161	11.52	8.26457e-05	-1	-1	
162	10.92	8.30056e-05	-1	-1	
163	10.31	8.34203e-05	-1	-1	
164	9.7	8.39031e-05	-1	-1	
165	9.09	8.44618e-05	-1	-1	
166	8.49	8.50988e-05	-1	-1	
167	7.88	8.58111e-05	-1	-1	
168	7.27	8.65903e-05	-1	-1	
169	6.66	8.74237e-05	-1	-1	
170	6.06	8.82941e-05	-1	-1	
171	5.45	8.91816e-05	-1	-1	
172	4.85	9.00637e-05	-1	-1	
173	4.24	9.09165e-05	-1	-1	
174	3.63	9.17161e-05	-1	-1	
175	3.03	9.2439e-05	-1	-1	
176	2.42	9.30636e-05	-1	-1	
177	1.82	9.35709e-05	-1	-1	
178	1.21	9.3945e-05	-1	-1	
179	0.61	9.41743e-05	-1	-1	
180	0	9.42515e-05	-1	-1	
