 i 	 x 	 y 	 xe 	 ye
0	180	0.000228744	-1	-1	
1	176.31	0.000229729	-1	-1	
2	172.63	0.000232685	-1	-1	
3	169	0.000237621	-1	-1	
4	165.41	0.000244545	-1	-1	
5	161.9	0.000253469	-1	-1	
6	158.48	0.000264399	-1	-1	
7	155.14	0.000277333	-1	-1	
8	151.91	0.000292254	-1	-1	
9	148.79	0.000309125	-1	-1	
10	145.78	0.000327881	-1	-1	
11	142.88	0.000348423	-1	-1	
12	140.1	0.000370614	-1	-1	
13	137.43	0.000394271	-1	-1	
14	134.87	0.000419166	-1	-1	
15	132.41	0.000445023	-1	-1	
16	130.06	0.000471522	-1	-1	
17	127.8	0.000498301	-1	-1	
18	125.64	0.000524961	-1	-1	
19	123.57	0.000551079	-1	-1	
20	121.57	0.000576209	-1	-1	
21	119.66	0.000599895	-1	-1	
22	117.82	0.000621678	-1	-1	
23	116.05	0.000641108	-1	-1	
24	114.35	0.000657752	-1	-1	
25	112.7	0.000671207	-1	-1	
26	111.12	0.000681115	-1	-1	
27	109.58	0.000687175	-1	-1	
28	108.1	0.000689163	-1	-1	
29	106.66	0.000686941	-1	-1	
30	105.27	0.00068047	-1	-1	
31	103.92	0.000669819	-1	-1	
32	102.61	0.000655165	-1	-1	
33	101.33	0.000636785	-1	-1	
34	100.09	0.000615048	-1	-1	
35	98.88	0.0005904	-1	-1	
36	97.7	0.000563342	-1	-1	
37	96.55	0.000534411	-1	-1	
38	95.43	0.000504162	-1	-1	
39	94.33	0.000473153	-1	-1	
40	93.25	0.000441927	-1	-1	
41	92.2	0.000411004	-1	-1	
42	91.17	0.00038087	-1	-1	
43	90.16	0.000351972	-1	-1	
44	89.16	0.000324707	-1	-1	
45	88.19	0.000299417	-1	-1	
46	87.23	0.000276383	-1	-1	
47	86.28	0.000255817	-1	-1	
48	85.36	0.000237857	-1	-1	
49	84.44	0.000222565	-1	-1	
50	83.54	0.000209922	-1	-1	
51	82.65	0.000199839	-1	-1	
52	81.78	0.000192156	-1	-1	
53	80.92	0.000186656	-1	-1	
54	80.06	0.000183073	-1	-1	
55	79.22	0.000181109	-1	-1	
56	78.39	0.000180445	-1	-1	
57	77.57	0.000180754	-1	-1	
58	76.76	0.000181711	-1	-1	
59	75.95	0.000183007	-1	-1	
60	75.16	0.000184355	-1	-1	
61	74.37	0.000185497	-1	-1	
62	73.59	0.000186211	-1	-1	
63	72.82	0.000186313	-1	-1	
64	72.05	0.00018566	-1	-1	
65	71.29	0.00018415	-1	-1	
66	70.54	0.000181723	-1	-1	
67	69.8	0.00017836	-1	-1	
68	69.06	0.000174078	-1	-1	
69	68.32	0.000168929	-1	-1	
70	67.59	0.000162993	-1	-1	
71	66.87	0.000156378	-1	-1	
72	66.15	0.000149209	-1	-1	
73	65.43	0.000141627	-1	-1	
74	64.73	0.00013378	-1	-1	
75	64.02	0.000125821	-1	-1	
76	63.32	0.0001179	-1	-1	
77	62.62	0.00011016	-1	-1	
78	61.93	0.000102733	-1	-1	
79	61.24	9.5735e-05	-1	-1	
80	60.56	8.92636e-05	-1	-1	
81	59.88	8.3396e-05	-1	-1	
82	59.2	7.81871e-05	-1	-1	
83	58.53	7.36696e-05	-1	-1	
84	57.85	6.98538e-05	-1	-1	
85	57.19	6.67298e-05	-1	-1	
86	56.52	6.42693e-05	-1	-1	
87	55.86	6.24282e-05	-1	-1	
88	55.2	6.11498e-05	-1	-1	
89	54.54	6.03676e-05	-1	-1	
90	53.89	6.00083e-05	-1	-1	
91	53.24	5.99947e-05	-1	-1	
92	52.59	6.0248e-05	-1	-1	
93	51.94	6.06898e-05	-1	-1	
94	51.3	6.12442e-05	-1	-1	
95	50.66	6.18392e-05	-1	-1	
96	50.02	6.24077e-05	-1	-1	
97	49.38	6.28891e-05	-1	-1	
98	48.74	6.32301e-05	-1	-1	
99	48.11	6.33853e-05	-1	-1	
100	47.48	6.33184e-05	-1	-1	
101	46.85	6.30026e-05	-1	-1	
102	46.22	6.2421e-05	-1	-1	
103	45.59	6.15665e-05	-1	-1	
104	44.97	6.04422e-05	-1	-1	
105	44.34	5.90606e-05	-1	-1	
106	43.72	5.74431e-05	-1	-1	
107	43.1	5.56186e-05	-1	-1	
108	42.48	5.36227e-05	-1	-1	
109	41.87	5.14962e-05	-1	-1	
110	41.25	4.92832e-05	-1	-1	
111	40.64	4.70298e-05	-1	-1	
112	40.02	4.47825e-05	-1	-1	
113	39.41	4.25869e-05	-1	-1	
114	38.8	4.0486e-05	-1	-1	
115	38.19	3.85193e-05	-1	-1	
116	37.58	3.6722e-05	-1	-1	
117	36.97	3.51242e-05	-1	-1	
118	36.37	3.37504e-05	-1	-1	
119	35.76	3.26194e-05	-1	-1	
120	35.16	3.17437e-05	-1	-1	
121	34.56	3.11303e-05	-1	-1	
122	33.95	3.07804e-05	-1	-1	
123	33.35	3.06896e-05	-1	-1	
124	32.75	3.08487e-05	-1	-1	
125	32.15	3.12436e-05	-1	-1	
126	31.56	3.18564e-05	-1	-1	
127	30.96	3.26654e-05	-1	-1	
128	30.36	3.36459e-05	-1	-1	
129	29.77	3.4771e-05	-1	-1	
130	29.17	3.60116e-05	-1	-1	
131	28.58	3.73376e-05	-1	-1	
132	27.98	3.87182e-05	-1	-1	
133	27.39	4.01226e-05	-1	-1	
134	26.8	4.15201e-05	-1	-1	
135	26.21	4.28815e-05	-1	-1	
136	25.62	4.41788e-05	-1	-1	
137	25.03	4.53857e-05	-1	-1	
138	24.44	4.64784e-05	-1	-1	
139	23.85	4.74356e-05	-1	-1	
140	23.26	4.82387e-05	-1	-1	
141	22.67	4.8872e-05	-1	-1	
142	22.08	4.93229e-05	-1	-1	
143	21.5	4.95821e-05	-1	-1	
144	20.91	4.96432e-05	-1	-1	
145	20.32	4.95029e-05	-1	-1	
146	19.74	4.91608e-05	-1	-1	
147	19.15	4.86195e-05	-1	-1	
148	18.57	4.78841e-05	-1	-1	
149	17.98	4.6962e-05	-1	-1	
150	17.4	4.58628e-05	-1	-1	
151	16.82	4.45983e-05	-1	-1	
152	16.23	4.31815e-05	-1	-1	
153	15.65	4.16272e-05	-1	-1	
154	15.07	3.9951e-05	-1	-1	
155	14.49	3.81695e-05	-1	-1	
156	13.9	3.62999e-05	-1	-1	
157	13.32	3.43596e-05	-1	-1	
158	12.74	3.23664e-05	-1	-1	
159	12.16	3.03376e-05	-1	-1	
160	11.58	2.82906e-05	-1	-1	
161	11	2.62419e-05	-1	-1	
162	10.42	2.42078e-05	-1	-1	
163	9.84	2.22035e-05	-1	-1	
164	9.26	2.02435e-05	-1	-1	
165	8.68	1.83414e-05	-1	-1	
166	8.1	1.65097e-05	-1	-1	
167	7.52	1.47599e-05	-1	-1	
168	6.94	1.31026e-05	-1	-1	
169	6.36	1.1547e-05	-1	-1	
170	5.78	1.01016e-05	-1	-1	
171	5.21	8.77389e-06	-1	-1	
172	4.63	7.57021e-06	-1	-1	
173	4.05	6.49616e-06	-1	-1	
174	3.47	5.55648e-06	-1	-1	
175	2.89	4.75511e-06	-1	-1	
176	2.31	4.09526e-06	-1	-1	
177	1.73	3.5795e-06	-1	-1	
178	1.16	3.20975e-06	-1	-1	
179	0.58	2.98737e-06	-1	-1	
180	0	2.91315e-06	-1	-1	
