 i 	 x 	 y 	 xe 	 ye
0	180	0.000131811	-1	-1	
1	176.43	0.000131956	-1	-1	
2	172.87	0.000132372	-1	-1	
3	169.35	0.000133008	-1	-1	
4	165.88	0.000133781	-1	-1	
5	162.47	0.000134578	-1	-1	
6	159.13	0.000135265	-1	-1	
7	155.88	0.000135691	-1	-1	
8	152.72	0.000135699	-1	-1	
9	149.66	0.000135138	-1	-1	
10	146.71	0.000133869	-1	-1	
11	143.86	0.000131783	-1	-1	
12	141.11	0.000128805	-1	-1	
13	138.47	0.000124902	-1	-1	
14	135.93	0.000120086	-1	-1	
15	133.49	0.000114419	-1	-1	
16	131.15	0.000108003	-1	-1	
17	128.9	0.000100979	-1	-1	
18	126.74	9.35187e-05	-1	-1	
19	124.67	8.58175e-05	-1	-1	
20	122.67	7.80845e-05	-1	-1	
21	120.75	7.05346e-05	-1	-1	
22	118.9	6.33791e-05	-1	-1	
23	117.12	5.68159e-05	-1	-1	
24	115.41	5.1019e-05	-1	-1	
25	113.75	4.61281e-05	-1	-1	
26	112.15	4.22391e-05	-1	-1	
27	110.6	3.93972e-05	-1	-1	
28	109.1	3.7593e-05	-1	-1	
29	107.65	3.6764e-05	-1	-1	
30	106.24	3.68009e-05	-1	-1	
31	104.88	3.75576e-05	-1	-1	
32	103.55	3.88649e-05	-1	-1	
33	102.26	4.05447e-05	-1	-1	
34	101	4.24238e-05	-1	-1	
35	99.77	4.4345e-05	-1	-1	
36	98.58	4.61742e-05	-1	-1	
37	97.41	4.7805e-05	-1	-1	
38	96.27	4.91587e-05	-1	-1	
39	95.16	5.01828e-05	-1	-1	
40	94.07	5.08475e-05	-1	-1	
41	93	5.11432e-05	-1	-1	
42	91.95	5.10772e-05	-1	-1	
43	90.92	5.06727e-05	-1	-1	
44	89.92	4.99676e-05	-1	-1	
45	88.93	4.90136e-05	-1	-1	
46	87.95	4.78741e-05	-1	-1	
47	87	4.66223e-05	-1	-1	
48	86.06	4.53359e-05	-1	-1	
49	85.13	4.40925e-05	-1	-1	
50	84.22	4.29635e-05	-1	-1	
51	83.32	4.20082e-05	-1	-1	
52	82.43	4.12699e-05	-1	-1	
53	81.56	4.07726e-05	-1	-1	
54	80.69	4.05202e-05	-1	-1	
55	79.84	4.04976e-05	-1	-1	
56	79	4.06732e-05	-1	-1	
57	78.17	4.10031e-05	-1	-1	
58	77.34	4.14351e-05	-1	-1	
59	76.53	4.19136e-05	-1	-1	
60	75.72	4.23837e-05	-1	-1	
61	74.93	4.27944e-05	-1	-1	
62	74.14	4.31011e-05	-1	-1	
63	73.36	4.32669e-05	-1	-1	
64	72.58	4.32629e-05	-1	-1	
65	71.81	4.30682e-05	-1	-1	
66	71.05	4.26692e-05	-1	-1	
67	70.3	4.2059e-05	-1	-1	
68	69.55	4.12365e-05	-1	-1	
69	68.81	4.02062e-05	-1	-1	
70	68.07	3.89777e-05	-1	-1	
71	67.34	3.75654e-05	-1	-1	
72	66.61	3.59884e-05	-1	-1	
73	65.89	3.42704e-05	-1	-1	
74	65.17	3.2439e-05	-1	-1	
75	64.46	3.05254e-05	-1	-1	
76	63.75	2.85636e-05	-1	-1	
77	63.05	2.65893e-05	-1	-1	
78	62.35	2.46389e-05	-1	-1	
79	61.65	2.27479e-05	-1	-1	
80	60.96	2.09495e-05	-1	-1	
81	60.28	1.92739e-05	-1	-1	
82	59.59	1.77464e-05	-1	-1	
83	58.91	1.63872e-05	-1	-1	
84	58.23	1.52108e-05	-1	-1	
85	57.56	1.42258e-05	-1	-1	
86	56.89	1.34354e-05	-1	-1	
87	56.22	1.28376e-05	-1	-1	
88	55.55	1.24261e-05	-1	-1	
89	54.89	1.21913e-05	-1	-1	
90	54.23	1.21203e-05	-1	-1	
91	53.58	1.21986e-05	-1	-1	
92	52.92	1.24099e-05	-1	-1	
93	52.27	1.27369e-05	-1	-1	
94	51.62	1.31617e-05	-1	-1	
95	50.97	1.36655e-05	-1	-1	
96	50.33	1.42297e-05	-1	-1	
97	49.68	1.48351e-05	-1	-1	
98	49.04	1.54628e-05	-1	-1	
99	48.4	1.60938e-05	-1	-1	
100	47.77	1.67098e-05	-1	-1	
101	47.13	1.72931e-05	-1	-1	
102	46.5	1.78274e-05	-1	-1	
103	45.87	1.82975e-05	-1	-1	
104	45.24	1.86905e-05	-1	-1	
105	44.61	1.89955e-05	-1	-1	
106	43.98	1.9204e-05	-1	-1	
107	43.36	1.93105e-05	-1	-1	
108	42.74	1.93117e-05	-1	-1	
109	42.11	1.92073e-05	-1	-1	
110	41.49	1.89994e-05	-1	-1	
111	40.87	1.86923e-05	-1	-1	
112	40.26	1.82921e-05	-1	-1	
113	39.64	1.78066e-05	-1	-1	
114	39.03	1.72448e-05	-1	-1	
115	38.41	1.66165e-05	-1	-1	
116	37.8	1.59319e-05	-1	-1	
117	37.19	1.52016e-05	-1	-1	
118	36.58	1.4436e-05	-1	-1	
119	35.97	1.36453e-05	-1	-1	
120	35.36	1.28392e-05	-1	-1	
121	34.75	1.2027e-05	-1	-1	
122	34.15	1.12174e-05	-1	-1	
123	33.54	1.04186e-05	-1	-1	
124	32.94	9.63784e-06	-1	-1	
125	32.34	8.88206e-06	-1	-1	
126	31.73	8.15736e-06	-1	-1	
127	31.13	7.46926e-06	-1	-1	
128	30.53	6.82264e-06	-1	-1	
129	29.93	6.22176e-06	-1	-1	
130	29.33	5.67025e-06	-1	-1	
131	28.74	5.17115e-06	-1	-1	
132	28.14	4.72691e-06	-1	-1	
133	27.54	4.33939e-06	-1	-1	
134	26.95	4.0099e-06	-1	-1	
135	26.35	3.73919e-06	-1	-1	
136	25.76	3.52755e-06	-1	-1	
137	25.16	3.37476e-06	-1	-1	
138	24.57	3.28021e-06	-1	-1	
139	23.98	3.24288e-06	-1	-1	
140	23.39	3.26143e-06	-1	-1	
141	22.79	3.33422e-06	-1	-1	
142	22.2	3.45935e-06	-1	-1	
143	21.61	3.63473e-06	-1	-1	
144	21.02	3.8581e-06	-1	-1	
145	20.43	4.12706e-06	-1	-1	
146	19.85	4.43908e-06	-1	-1	
147	19.26	4.79154e-06	-1	-1	
148	18.67	5.18178e-06	-1	-1	
149	18.08	5.60702e-06	-1	-1	
150	17.49	6.06445e-06	-1	-1	
151	16.91	6.55118e-06	-1	-1	
152	16.32	7.06427e-06	-1	-1	
153	15.73	7.60072e-06	-1	-1	
154	15.15	8.15744e-06	-1	-1	
155	14.56	8.7313e-06	-1	-1	
156	13.98	9.3191e-06	-1	-1	
157	13.39	9.91756e-06	-1	-1	
158	12.81	1.05234e-05	-1	-1	
159	12.23	1.11331e-05	-1	-1	
160	11.64	1.17435e-05	-1	-1	
161	11.06	1.2351e-05	-1	-1	
162	10.47	1.29522e-05	-1	-1	
163	9.89	1.35437e-05	-1	-1	
164	9.31	1.41221e-05	-1	-1	
165	8.73	1.46842e-05	-1	-1	
166	8.14	1.52267e-05	-1	-1	
167	7.56	1.57465e-05	-1	-1	
168	6.98	1.62406e-05	-1	-1	
169	6.4	1.67062e-05	-1	-1	
170	5.81	1.71406e-05	-1	-1	
171	5.23	1.75413e-05	-1	-1	
172	4.65	1.79062e-05	-1	-1	
173	4.07	1.8233e-05	-1	-1	
174	3.49	1.85201e-05	-1	-1	
175	2.91	1.87657e-05	-1	-1	
176	2.33	1.89686e-05	-1	-1	
177	1.74	1.91275e-05	-1	-1	
178	1.16	1.92416e-05	-1	-1	
179	0.58	1.93104e-05	-1	-1	
180	0	1.93333e-05	-1	-1	
