 i 	 x 	 y 	 xe 	 ye
0	180	7.79474e-05	-1	-1	
1	176.54	7.8247e-05	-1	-1	
2	173.09	7.91471e-05	-1	-1	
3	169.67	8.06515e-05	-1	-1	
4	166.29	8.27659e-05	-1	-1	
5	162.97	8.54975e-05	-1	-1	
6	159.72	8.8854e-05	-1	-1	
7	156.55	9.28427e-05	-1	-1	
8	153.46	9.74683e-05	-1	-1	
9	150.46	0.000102732	-1	-1	
10	147.56	0.000108629	-1	-1	
11	144.75	0.000115145	-1	-1	
12	142.04	0.000122257	-1	-1	
13	139.43	0.000129928	-1	-1	
14	136.92	0.000138106	-1	-1	
15	134.5	0.000146721	-1	-1	
16	132.17	0.000155685	-1	-1	
17	129.93	0.000164894	-1	-1	
18	127.77	0.000174222	-1	-1	
19	125.7	0.000183527	-1	-1	
20	123.7	0.000192655	-1	-1	
21	121.77	0.000201436	-1	-1	
22	119.92	0.000209695	-1	-1	
23	118.13	0.000217253	-1	-1	
24	116.4	0.000223933	-1	-1	
25	114.74	0.000229565	-1	-1	
26	113.12	0.000233992	-1	-1	
27	111.56	0.00023708	-1	-1	
28	110.05	0.000238719	-1	-1	
29	108.58	0.000238828	-1	-1	
30	107.16	0.000237365	-1	-1	
31	105.78	0.000234326	-1	-1	
32	104.44	0.000229746	-1	-1	
33	103.13	0.0002237	-1	-1	
34	101.86	0.000216302	-1	-1	
35	100.62	0.0002077	-1	-1	
36	99.41	0.000198069	-1	-1	
37	98.23	0.000187607	-1	-1	
38	97.07	0.00017653	-1	-1	
39	95.95	0.000165062	-1	-1	
40	94.84	0.000153426	-1	-1	
41	93.76	0.000141846	-1	-1	
42	92.7	0.000130531	-1	-1	
43	91.66	0.000119677	-1	-1	
44	90.64	0.000109457	-1	-1	
45	89.64	0.000100019	-1	-1	
46	88.65	9.14855e-05	-1	-1	
47	87.68	8.39442e-05	-1	-1	
48	86.73	7.74525e-05	-1	-1	
49	85.79	7.20343e-05	-1	-1	
50	84.87	6.76817e-05	-1	-1	
51	83.96	6.43564e-05	-1	-1	
52	83.06	6.19929e-05	-1	-1	
53	82.17	6.05022e-05	-1	-1	
54	81.3	5.97763e-05	-1	-1	
55	80.44	5.9693e-05	-1	-1	
56	79.58	6.01213e-05	-1	-1	
57	78.74	6.09257e-05	-1	-1	
58	77.91	6.19718e-05	-1	-1	
59	77.08	6.313e-05	-1	-1	
60	76.27	6.42794e-05	-1	-1	
61	75.46	6.53115e-05	-1	-1	
62	74.66	6.6132e-05	-1	-1	
63	73.87	6.66633e-05	-1	-1	
64	73.09	6.68454e-05	-1	-1	
65	72.31	6.66365e-05	-1	-1	
66	71.55	6.60128e-05	-1	-1	
67	70.78	6.49681e-05	-1	-1	
68	70.03	6.35122e-05	-1	-1	
69	69.27	6.16696e-05	-1	-1	
70	68.53	5.94773e-05	-1	-1	
71	67.79	5.69828e-05	-1	-1	
72	67.06	5.42416e-05	-1	-1	
73	66.33	5.13145e-05	-1	-1	
74	65.6	4.82657e-05	-1	-1	
75	64.88	4.516e-05	-1	-1	
76	64.17	4.20606e-05	-1	-1	
77	63.46	3.90274e-05	-1	-1	
78	62.75	3.61149e-05	-1	-1	
79	62.05	3.33711e-05	-1	-1	
80	61.35	3.08358e-05	-1	-1	
81	60.66	2.85408e-05	-1	-1	
82	59.97	2.65086e-05	-1	-1	
83	59.28	2.47527e-05	-1	-1	
84	58.6	2.32777e-05	-1	-1	
85	57.92	2.20803e-05	-1	-1	
86	57.24	2.11495e-05	-1	-1	
87	56.57	2.04678e-05	-1	-1	
88	55.9	2.00124e-05	-1	-1	
89	55.23	1.97561e-05	-1	-1	
90	54.56	1.96687e-05	-1	-1	
91	53.9	1.9718e-05	-1	-1	
92	53.24	1.9871e-05	-1	-1	
93	52.58	2.00949e-05	-1	-1	
94	51.93	2.03577e-05	-1	-1	
95	51.28	2.06298e-05	-1	-1	
96	50.63	2.08836e-05	-1	-1	
97	49.98	2.1095e-05	-1	-1	
98	49.33	2.12434e-05	-1	-1	
99	48.69	2.13122e-05	-1	-1	
100	48.05	2.1289e-05	-1	-1	
101	47.41	2.11654e-05	-1	-1	
102	46.77	2.09375e-05	-1	-1	
103	46.13	2.06053e-05	-1	-1	
104	45.5	2.01725e-05	-1	-1	
105	44.87	1.96465e-05	-1	-1	
106	44.24	1.90374e-05	-1	-1	
107	43.61	1.8358e-05	-1	-1	
108	42.98	1.76228e-05	-1	-1	
109	42.35	1.68479e-05	-1	-1	
110	41.73	1.60501e-05	-1	-1	
111	41.11	1.52464e-05	-1	-1	
112	40.48	1.44534e-05	-1	-1	
113	39.86	1.36872e-05	-1	-1	
114	39.24	1.29626e-05	-1	-1	
115	38.63	1.2293e-05	-1	-1	
116	38.01	1.16898e-05	-1	-1	
117	37.4	1.11626e-05	-1	-1	
118	36.78	1.0719e-05	-1	-1	
119	36.17	1.03641e-05	-1	-1	
120	35.56	1.0101e-05	-1	-1	
121	34.95	9.9307e-06	-1	-1	
122	34.34	9.85205e-06	-1	-1	
123	33.73	9.86196e-06	-1	-1	
124	33.12	9.95561e-06	-1	-1	
125	32.51	1.01266e-05	-1	-1	
126	31.91	1.03671e-05	-1	-1	
127	31.3	1.06683e-05	-1	-1	
128	30.7	1.10203e-05	-1	-1	
129	30.09	1.14128e-05	-1	-1	
130	29.49	1.18347e-05	-1	-1	
131	28.89	1.22752e-05	-1	-1	
132	28.29	1.27231e-05	-1	-1	
133	27.69	1.31677e-05	-1	-1	
134	27.09	1.35987e-05	-1	-1	
135	26.49	1.40063e-05	-1	-1	
136	25.89	1.43818e-05	-1	-1	
137	25.3	1.47169e-05	-1	-1	
138	24.7	1.50046e-05	-1	-1	
139	24.1	1.52389e-05	-1	-1	
140	23.51	1.5415e-05	-1	-1	
141	22.91	1.55291e-05	-1	-1	
142	22.32	1.55785e-05	-1	-1	
143	21.73	1.55618e-05	-1	-1	
144	21.13	1.54787e-05	-1	-1	
145	20.54	1.53297e-05	-1	-1	
146	19.95	1.51166e-05	-1	-1	
147	19.36	1.48419e-05	-1	-1	
148	18.77	1.45089e-05	-1	-1	
149	18.18	1.41216e-05	-1	-1	
150	17.59	1.36847e-05	-1	-1	
151	17	1.32034e-05	-1	-1	
152	16.41	1.26832e-05	-1	-1	
153	15.82	1.21298e-05	-1	-1	
154	15.23	1.15494e-05	-1	-1	
155	14.64	1.09478e-05	-1	-1	
156	14.05	1.03311e-05	-1	-1	
157	13.46	9.70529e-06	-1	-1	
158	12.88	9.07595e-06	-1	-1	
159	12.29	8.44852e-06	-1	-1	
160	11.7	7.82811e-06	-1	-1	
161	11.12	7.21941e-06	-1	-1	
162	10.53	6.62672e-06	-1	-1	
163	9.94	6.05388e-06	-1	-1	
164	9.36	5.50426e-06	-1	-1	
165	8.77	4.98077e-06	-1	-1	
166	8.19	4.48587e-06	-1	-1	
167	7.6	4.02158e-06	-1	-1	
168	7.01	3.58947e-06	-1	-1	
169	6.43	3.19077e-06	-1	-1	
170	5.84	2.82633e-06	-1	-1	
171	5.26	2.49671e-06	-1	-1	
172	4.68	2.20224e-06	-1	-1	
173	4.09	1.943e-06	-1	-1	
174	3.51	1.71896e-06	-1	-1	
175	2.92	1.52995e-06	-1	-1	
176	2.34	1.37577e-06	-1	-1	
177	1.75	1.25616e-06	-1	-1	
178	1.17	1.17091e-06	-1	-1	
179	0.58	1.11984e-06	-1	-1	
180	0	1.10283e-06	-1	-1	
