 i 	 x 	 y 	 xe 	 ye
0	180	0.000613658	-1	-1	
1	176.78	0.000615692	-1	-1	
2	173.57	0.00062181	-1	-1	
3	170.39	0.000632058	-1	-1	
4	167.24	0.00064651	-1	-1	
5	164.14	0.000665269	-1	-1	
6	161.08	0.00068846	-1	-1	
7	158.09	0.000716229	-1	-1	
8	155.17	0.000748729	-1	-1	
9	152.32	0.000786115	-1	-1	
10	149.54	0.000828521	-1	-1	
11	146.85	0.000876048	-1	-1	
12	144.24	0.000928737	-1	-1	
13	141.7	0.000986544	-1	-1	
14	139.25	0.00104931	-1	-1	
15	136.89	0.00111674	-1	-1	
16	134.6	0.00118838	-1	-1	
17	132.38	0.00126356	-1	-1	
18	130.25	0.00134145	-1	-1	
19	128.18	0.00142098	-1	-1	
20	126.19	0.00150092	-1	-1	
21	124.26	0.00157983	-1	-1	
22	122.4	0.00165613	-1	-1	
23	120.59	0.00172813	-1	-1	
24	118.85	0.00179409	-1	-1	
25	117.16	0.00185227	-1	-1	
26	115.52	0.00190098	-1	-1	
27	113.94	0.0019387	-1	-1	
28	112.4	0.00196409	-1	-1	
29	110.9	0.00197607	-1	-1	
30	109.45	0.00197389	-1	-1	
31	108.03	0.00195717	-1	-1	
32	106.66	0.00192591	-1	-1	
33	105.32	0.0018805	-1	-1	
34	104.01	0.00182175	-1	-1	
35	102.74	0.00175082	-1	-1	
36	101.49	0.00166923	-1	-1	
37	100.28	0.00157875	-1	-1	
38	99.09	0.00148141	-1	-1	
39	97.93	0.00137936	-1	-1	
40	96.79	0.00127485	-1	-1	
41	95.68	0.00117011	-1	-1	
42	94.58	0.00106732	-1	-1	
43	93.51	0.000968524	-1	-1	
44	92.46	0.000875549	-1	-1	
45	91.43	0.00078998	-1	-1	
46	90.41	0.000713111	-1	-1	
47	89.41	0.000645909	-1	-1	
48	88.43	0.000589003	-1	-1	
49	87.46	0.000542676	-1	-1	
50	86.51	0.000506876	-1	-1	
51	85.57	0.000481236	-1	-1	
52	84.65	0.000465103	-1	-1	
53	83.74	0.000457576	-1	-1	
54	82.84	0.000457558	-1	-1	
55	81.95	0.000463797	-1	-1	
56	81.07	0.000474948	-1	-1	
57	80.2	0.000489618	-1	-1	
58	79.34	0.000506417	-1	-1	
59	78.5	0.000524009	-1	-1	
60	77.66	0.000541149	-1	-1	
61	76.83	0.000556717	-1	-1	
62	76.01	0.000569751	-1	-1	
63	75.2	0.000579461	-1	-1	
64	74.39	0.000585248	-1	-1	
65	73.59	0.000586703	-1	-1	
66	72.8	0.000583613	-1	-1	
67	72.02	0.000575943	-1	-1	
68	71.24	0.000563832	-1	-1	
69	70.47	0.000547567	-1	-1	
70	69.71	0.000527564	-1	-1	
71	68.95	0.000504346	-1	-1	
72	68.2	0.000478509	-1	-1	
73	67.45	0.000450705	-1	-1	
74	66.71	0.000421608	-1	-1	
75	65.97	0.000391893	-1	-1	
76	65.24	0.000362214	-1	-1	
77	64.51	0.00033318	-1	-1	
78	63.79	0.000305342	-1	-1	
79	63.07	0.000279177	-1	-1	
80	62.35	0.000255078	-1	-1	
81	61.64	0.000233352	-1	-1	
82	60.94	0.00021421	-1	-1	
83	60.24	0.000197774	-1	-1	
84	59.54	0.000184076	-1	-1	
85	58.84	0.000173069	-1	-1	
86	58.15	0.000164632	-1	-1	
87	57.46	0.00015858	-1	-1	
88	56.78	0.000154678	-1	-1	
89	56.09	0.000152649	-1	-1	
90	55.41	0.000152192	-1	-1	
91	54.74	0.000152987	-1	-1	
92	54.06	0.000154709	-1	-1	
93	53.39	0.000157041	-1	-1	
94	52.73	0.000159679	-1	-1	
95	52.06	0.000162345	-1	-1	
96	51.4	0.000164786	-1	-1	
97	50.74	0.000166789	-1	-1	
98	50.08	0.000168175	-1	-1	
99	49.42	0.000168808	-1	-1	
100	48.77	0.000168594	-1	-1	
101	48.12	0.000167478	-1	-1	
102	47.47	0.000165447	-1	-1	
103	46.82	0.00016252	-1	-1	
104	46.17	0.000158754	-1	-1	
105	45.53	0.00015423	-1	-1	
106	44.89	0.000149055	-1	-1	
107	44.24	0.000143351	-1	-1	
108	43.61	0.000137257	-1	-1	
109	42.97	0.000130917	-1	-1	
110	42.33	0.000124477	-1	-1	
111	41.7	0.000118082	-1	-1	
112	41.07	0.000111869	-1	-1	
113	40.44	0.000105968	-1	-1	
114	39.81	0.000100493	-1	-1	
115	39.18	9.55415e-05	-1	-1	
116	38.55	9.11961e-05	-1	-1	
117	37.93	8.7519e-05	-1	-1	
118	37.3	8.45535e-05	-1	-1	
119	36.68	8.23235e-05	-1	-1	
120	36.06	8.08339e-05	-1	-1	
121	35.44	8.00716e-05	-1	-1	
122	34.82	8.00072e-05	-1	-1	
123	34.2	8.05959e-05	-1	-1	
124	33.58	8.178e-05	-1	-1	
125	32.97	8.34906e-05	-1	-1	
126	32.35	8.565e-05	-1	-1	
127	31.74	8.81739e-05	-1	-1	
128	31.12	9.09737e-05	-1	-1	
129	30.51	9.39583e-05	-1	-1	
130	29.9	9.70369e-05	-1	-1	
131	29.29	0.00010012	-1	-1	
132	28.68	0.000103123	-1	-1	
133	28.07	0.000105965	-1	-1	
134	27.46	0.000108573	-1	-1	
135	26.85	0.000110881	-1	-1	
136	26.25	0.000112832	-1	-1	
137	25.64	0.000114379	-1	-1	
138	25.04	0.000115484	-1	-1	
139	24.43	0.000116121	-1	-1	
140	23.83	0.000116271	-1	-1	
141	23.22	0.000115929	-1	-1	
142	22.62	0.000115098	-1	-1	
143	22.02	0.000113788	-1	-1	
144	21.42	0.000112021	-1	-1	
145	20.82	0.000109825	-1	-1	
146	20.22	0.000107236	-1	-1	
147	19.62	0.000104293	-1	-1	
148	19.02	0.000101044	-1	-1	
149	18.42	9.75364e-05	-1	-1	
150	17.82	9.38239e-05	-1	-1	
151	17.22	8.99594e-05	-1	-1	
152	16.62	8.59968e-05	-1	-1	
153	16.03	8.19892e-05	-1	-1	
154	15.43	7.7988e-05	-1	-1	
155	14.83	7.40419e-05	-1	-1	
156	14.24	7.01961e-05	-1	-1	
157	13.64	6.64915e-05	-1	-1	
158	13.05	6.29643e-05	-1	-1	
159	12.45	5.96451e-05	-1	-1	
160	11.86	5.65589e-05	-1	-1	
161	11.26	5.37249e-05	-1	-1	
162	10.67	5.1156e-05	-1	-1	
163	10.07	4.88593e-05	-1	-1	
164	9.48	4.68362e-05	-1	-1	
165	8.89	4.50826e-05	-1	-1	
166	8.29	4.35892e-05	-1	-1	
167	7.7	4.23425e-05	-1	-1	
168	7.11	4.1325e-05	-1	-1	
169	6.51	4.05162e-05	-1	-1	
170	5.92	3.9893e-05	-1	-1	
171	5.33	3.9431e-05	-1	-1	
172	4.74	3.91048e-05	-1	-1	
173	4.14	3.88891e-05	-1	-1	
174	3.55	3.87595e-05	-1	-1	
175	2.96	3.8693e-05	-1	-1	
176	2.37	3.86691e-05	-1	-1	
177	1.78	3.867e-05	-1	-1	
178	1.18	3.86813e-05	-1	-1	
179	0.59	3.86924e-05	-1	-1	
180	0	3.86968e-05	-1	-1	
