 i 	 x 	 y 	 xe 	 ye
0	105	0.000394772	0	0.000262232	
1	107	0.000482978	0	0.000270991	
2	109	0.000497137	0	0.000243639	
3	111	0.000424359	0	0.000222227	
4	113	0.000468541	0	0.000209443	
5	115	0.00045676	0	0.000182543	
6	117	0.000545851	0	0.000149715	
7	119	0.000574658	0	0.000146537	
8	121	0.000586582	0	0.000118644	
9	123	0.000962428	0	6.70022e-05	
10	125	0.000972136	0	7.63631e-05	
11	127	0.00115956	0	7.48541e-05	
12	129	0.00157093	0	8.90526e-05	
13	131	0.00200264	0	5.43498e-05	
14	133	0.00212983	0	7.45914e-05	
15	135	0.00211821	0	6.92092e-05	
16	137	0.0024226	0	7.43105e-05	
17	139	0.00255335	0	0.000102044	
18	141	0.00276772	0	9.28497e-05	
19	143	0.0027311	0	0.000109137	
20	145	0.00279648	0	0.000126051	
21	147	0.00289826	0	0.000122079	
22	149	0.00284869	0	0.000115367	
23	151	0.00311041	0	0.000156283	
24	153	0.00298455	0	0.000165946	
25	155	0.00268473	0	0.000190795	
