 i 	 x 	 y 	 xe 	 ye
0	180	7.61678e-05	-1	-1	
1	176.99	7.63841e-05	-1	-1	
2	173.99	7.70356e-05	-1	-1	
3	171.01	7.81298e-05	-1	-1	
4	168.06	7.96795e-05	-1	-1	
5	165.14	8.17027e-05	-1	-1	
6	162.27	8.42234e-05	-1	-1	
7	159.44	8.72708e-05	-1	-1	
8	156.66	9.08794e-05	-1	-1	
9	153.95	9.50879e-05	-1	-1	
10	151.3	9.99374e-05	-1	-1	
11	148.71	0.000105469	-1	-1	
12	146.19	0.000111719	-1	-1	
13	143.74	0.000118719	-1	-1	
14	141.36	0.000126485	-1	-1	
15	139.05	0.000135016	-1	-1	
16	136.81	0.000144288	-1	-1	
17	134.63	0.000154249	-1	-1	
18	132.52	0.000164813	-1	-1	
19	130.48	0.000175859	-1	-1	
20	128.5	0.000187232	-1	-1	
21	126.58	0.000198738	-1	-1	
22	124.71	0.000210152	-1	-1	
23	122.91	0.000221222	-1	-1	
24	121.15	0.000231678	-1	-1	
25	119.45	0.000241236	-1	-1	
26	117.8	0.000249617	-1	-1	
27	116.2	0.000256551	-1	-1	
28	114.64	0.000261795	-1	-1	
29	113.12	0.000265138	-1	-1	
30	111.64	0.00026642	-1	-1	
31	110.2	0.000265532	-1	-1	
32	108.8	0.000262428	-1	-1	
33	107.43	0.000257127	-1	-1	
34	106.1	0.000249714	-1	-1	
35	104.8	0.000240338	-1	-1	
36	103.52	0.000229209	-1	-1	
37	102.28	0.000216587	-1	-1	
38	101.06	0.000202776	-1	-1	
39	99.87	0.000188112	-1	-1	
40	98.7	0.000172948	-1	-1	
41	97.56	0.000157646	-1	-1	
42	96.44	0.000142559	-1	-1	
43	95.34	0.000128023	-1	-1	
44	94.26	0.000114342	-1	-1	
45	93.19	0.000101784	-1	-1	
46	92.15	9.05661e-05	-1	-1	
47	91.12	8.08544e-05	-1	-1	
48	90.11	7.27585e-05	-1	-1	
49	89.12	6.63306e-05	-1	-1	
50	88.14	6.15666e-05	-1	-1	
51	87.18	5.84099e-05	-1	-1	
52	86.22	5.67556e-05	-1	-1	
53	85.29	5.64579e-05	-1	-1	
54	84.36	5.7337e-05	-1	-1	
55	83.45	5.91883e-05	-1	-1	
56	82.55	6.17908e-05	-1	-1	
57	81.66	6.49158e-05	-1	-1	
58	80.77	6.83359e-05	-1	-1	
59	79.9	7.18327e-05	-1	-1	
60	79.04	7.52032e-05	-1	-1	
61	78.19	7.82666e-05	-1	-1	
62	77.35	8.08682e-05	-1	-1	
63	76.51	8.28831e-05	-1	-1	
64	75.69	8.42181e-05	-1	-1	
65	74.87	8.48121e-05	-1	-1	
66	74.06	8.46361e-05	-1	-1	
67	73.26	8.36912e-05	-1	-1	
68	72.46	8.20064e-05	-1	-1	
69	71.67	7.96346e-05	-1	-1	
70	70.89	7.66494e-05	-1	-1	
71	70.11	7.31406e-05	-1	-1	
72	69.34	6.92093e-05	-1	-1	
73	68.57	6.49642e-05	-1	-1	
74	67.81	6.05164e-05	-1	-1	
75	67.06	5.59759e-05	-1	-1	
76	66.31	5.14477e-05	-1	-1	
77	65.57	4.70286e-05	-1	-1	
78	64.83	4.2805e-05	-1	-1	
79	64.09	3.88504e-05	-1	-1	
80	63.36	3.52242e-05	-1	-1	
81	62.63	3.19713e-05	-1	-1	
82	61.91	2.91214e-05	-1	-1	
83	61.19	2.66898e-05	-1	-1	
84	60.48	2.4678e-05	-1	-1	
85	59.77	2.30748e-05	-1	-1	
86	59.06	2.18583e-05	-1	-1	
87	58.36	2.09972e-05	-1	-1	
88	57.66	2.04529e-05	-1	-1	
89	56.96	2.01816e-05	-1	-1	
90	56.27	2.01357e-05	-1	-1	
91	55.58	2.02665e-05	-1	-1	
92	54.89	2.05252e-05	-1	-1	
93	54.21	2.08649e-05	-1	-1	
94	53.53	2.12418e-05	-1	-1	
95	52.85	2.16163e-05	-1	-1	
96	52.17	2.19539e-05	-1	-1	
97	51.5	2.2226e-05	-1	-1	
98	50.83	2.24099e-05	-1	-1	
99	50.16	2.24893e-05	-1	-1	
100	49.49	2.2454e-05	-1	-1	
101	48.83	2.22997e-05	-1	-1	
102	48.17	2.20275e-05	-1	-1	
103	47.51	2.16434e-05	-1	-1	
104	46.85	2.11576e-05	-1	-1	
105	46.19	2.05836e-05	-1	-1	
106	45.54	1.99377e-05	-1	-1	
107	44.89	1.9238e-05	-1	-1	
108	44.24	1.85036e-05	-1	-1	
109	43.59	1.77539e-05	-1	-1	
110	42.94	1.7008e-05	-1	-1	
111	42.3	1.6284e-05	-1	-1	
112	41.66	1.55983e-05	-1	-1	
113	41.01	1.49657e-05	-1	-1	
114	40.37	1.43984e-05	-1	-1	
115	39.74	1.39064e-05	-1	-1	
116	39.1	1.34969e-05	-1	-1	
117	38.46	1.31744e-05	-1	-1	
118	37.83	1.29409e-05	-1	-1	
119	37.2	1.27958e-05	-1	-1	
120	36.56	1.2736e-05	-1	-1	
121	35.93	1.27565e-05	-1	-1	
122	35.3	1.28503e-05	-1	-1	
123	34.68	1.30089e-05	-1	-1	
124	34.05	1.32224e-05	-1	-1	
125	33.42	1.348e-05	-1	-1	
126	32.8	1.37705e-05	-1	-1	
127	32.17	1.4082e-05	-1	-1	
128	31.55	1.4403e-05	-1	-1	
129	30.93	1.4722e-05	-1	-1	
130	30.31	1.50283e-05	-1	-1	
131	29.69	1.53116e-05	-1	-1	
132	29.07	1.55631e-05	-1	-1	
133	28.45	1.57745e-05	-1	-1	
134	27.84	1.59394e-05	-1	-1	
135	27.22	1.60522e-05	-1	-1	
136	26.6	1.61091e-05	-1	-1	
137	25.99	1.61077e-05	-1	-1	
138	25.37	1.60468e-05	-1	-1	
139	24.76	1.5927e-05	-1	-1	
140	24.15	1.57501e-05	-1	-1	
141	23.54	1.55192e-05	-1	-1	
142	22.93	1.52387e-05	-1	-1	
143	22.31	1.49138e-05	-1	-1	
144	21.7	1.4551e-05	-1	-1	
145	21.1	1.41574e-05	-1	-1	
146	20.49	1.37409e-05	-1	-1	
147	19.88	1.33095e-05	-1	-1	
148	19.27	1.28719e-05	-1	-1	
149	18.66	1.24366e-05	-1	-1	
150	18.06	1.20121e-05	-1	-1	
151	17.45	1.16068e-05	-1	-1	
152	16.84	1.12284e-05	-1	-1	
153	16.24	1.08842e-05	-1	-1	
154	15.63	1.05808e-05	-1	-1	
155	15.03	1.03236e-05	-1	-1	
156	14.43	1.01175e-05	-1	-1	
157	13.82	9.96589e-06	-1	-1	
158	13.22	9.87128e-06	-1	-1	
159	12.62	9.83488e-06	-1	-1	
160	12.01	9.85671e-06	-1	-1	
161	11.41	9.93554e-06	-1	-1	
162	10.81	1.0069e-05	-1	-1	
163	10.21	1.02536e-05	-1	-1	
164	9.6	1.04846e-05	-1	-1	
165	9	1.07567e-05	-1	-1	
166	8.4	1.10634e-05	-1	-1	
167	7.8	1.13976e-05	-1	-1	
168	7.2	1.17517e-05	-1	-1	
169	6.6	1.21177e-05	-1	-1	
170	6	1.24875e-05	-1	-1	
171	5.4	1.28527e-05	-1	-1	
172	4.8	1.32052e-05	-1	-1	
173	4.2	1.35372e-05	-1	-1	
174	3.6	1.38413e-05	-1	-1	
175	3	1.4111e-05	-1	-1	
176	2.4	1.43402e-05	-1	-1	
177	1.8	1.45238e-05	-1	-1	
178	1.2	1.4658e-05	-1	-1	
179	0.6	1.47397e-05	-1	-1	
180	0	1.47671e-05	-1	-1	
