77 172
77 173
77 174
77 175
78 174
78 175
78 176
78 177
78 178
79 176
79 177
79 178
79 179
79 180
79 181
79 182
80 179
80 180
80 181
80 182
80 183
80 184
80 185
80 186
81 183
81 184
81 185
81 186
81 187
81 188
82 186
82 187
82 188
82 189
82 190
82 191
82 192
82 193
82 194
83 189
83 190
83 191
83 192
83 193
83 194
83 195
83 196
83 197
84 192
84 193
84 194
84 195
84 196
84 197
84 198
84 199
84 200
84 201
85 196
85 197
85 198
85 199
85 200
85 201
85 202
85 203
86 200
86 201
86 202
86 203
86 204
86 205
86 206
87 203
87 204
87 205
87 206
87 207
87 208
87 209
87 210
87 211
88 209
88 210
88 211
88 212
88 213
88 214
89 212
89 213
89 214
89 215
89 216
89 217
89 218
90 216
90 217
90 219
90 220

