   0.000      0.3451    
   1.000      0.3431    
   2.000      0.3372    
   3.000      0.3276    
   4.000      0.3149    
   5.000      0.2996    
   6.000      0.2825    
   7.000      0.2643    
   8.000      0.2458    
   9.000      0.2277    
   10.00      0.2108    
   11.00      0.1956    
   12.00      0.1825    
   13.00      0.1719    
   14.00      0.1637    
   15.00      0.1580    
   16.00      0.1545    
   17.00      0.1529    
   18.00      0.1527    
   19.00      0.1536    
   20.00      0.1549    
   21.00      0.1561    
   22.00      0.1569    
   23.00      0.1567    
   24.00      0.1554    
   25.00      0.1526    
   26.00      0.1483    
   27.00      0.1426    
   28.00      0.1356    
   29.00      0.1274    
   30.00      0.1183    
   31.00      0.1087    
   32.00      0.9881E-01
   33.00      0.8908E-01
   34.00      0.7979E-01
   35.00      0.7121E-01
   36.00      0.6356E-01
   37.00      0.5700E-01
   38.00      0.5163E-01
   39.00      0.4748E-01
   40.00      0.4451E-01
   41.00      0.4264E-01
   42.00      0.4172E-01
   43.00      0.4159E-01
   44.00      0.4206E-01
   45.00      0.4293E-01
   46.00      0.4401E-01
   47.00      0.4510E-01
   48.00      0.4606E-01
   49.00      0.4673E-01
   50.00      0.4702E-01
   51.00      0.4686E-01
   52.00      0.4621E-01
   53.00      0.4507E-01
   54.00      0.4346E-01
   55.00      0.4142E-01
   56.00      0.3903E-01
   57.00      0.3635E-01
   58.00      0.3348E-01
   59.00      0.3050E-01
   60.00      0.2749E-01
   61.00      0.2453E-01
   62.00      0.2169E-01
   63.00      0.1902E-01
   64.00      0.1656E-01
   65.00      0.1435E-01
   66.00      0.1241E-01
   67.00      0.1072E-01
   68.00      0.9303E-02
   69.00      0.8127E-02
   70.00      0.7174E-02
   71.00      0.6418E-02
   72.00      0.5829E-02
   73.00      0.5377E-02
   74.00      0.5031E-02
   75.00      0.4765E-02
   76.00      0.4552E-02
   77.00      0.4371E-02
   78.00      0.4205E-02
   79.00      0.4040E-02
   80.00      0.3868E-02
   81.00      0.3683E-02
   82.00      0.3484E-02
   83.00      0.3271E-02
   84.00      0.3049E-02
   85.00      0.2822E-02
   86.00      0.2597E-02
   87.00      0.2380E-02
   88.00      0.2179E-02
   89.00      0.1998E-02
   90.00      0.1843E-02
   91.00      0.1718E-02
   92.00      0.1627E-02
   93.00      0.1569E-02
   94.00      0.1546E-02
   95.00      0.1556E-02
   96.00      0.1596E-02
   97.00      0.1662E-02
   98.00      0.1751E-02
   99.00      0.1857E-02
   100.0      0.1974E-02
   101.0      0.2098E-02
   102.0      0.2222E-02
   103.0      0.2341E-02
   104.0      0.2450E-02
   105.0      0.2545E-02
   106.0      0.2621E-02
   107.0      0.2677E-02
   108.0      0.2709E-02
   109.0      0.2717E-02
   110.0      0.2700E-02
   111.0      0.2657E-02
   112.0      0.2591E-02
   113.0      0.2502E-02
   114.0      0.2393E-02
   115.0      0.2266E-02
   116.0      0.2125E-02
   117.0      0.1973E-02
   118.0      0.1813E-02
   119.0      0.1650E-02
   120.0      0.1485E-02
   121.0      0.1324E-02
   122.0      0.1169E-02
   123.0      0.1023E-02
   124.0      0.8884E-03
   125.0      0.7677E-03
   126.0      0.6624E-03
   127.0      0.5740E-03
   128.0      0.5031E-03
   129.0      0.4499E-03
   130.0      0.4145E-03
   131.0      0.3960E-03
   132.0      0.3935E-03
   133.0      0.4055E-03
   134.0      0.4304E-03
   135.0      0.4661E-03
   136.0      0.5104E-03
   137.0      0.5610E-03
   138.0      0.6155E-03
   139.0      0.6715E-03
   140.0      0.7268E-03
   141.0      0.7791E-03
   142.0      0.8265E-03
   143.0      0.8672E-03
   144.0      0.9000E-03
   145.0      0.9237E-03
   146.0      0.9377E-03
   147.0      0.9417E-03
   148.0      0.9358E-03
   149.0      0.9205E-03
   150.0      0.8968E-03
   151.0      0.8659E-03
   152.0      0.8293E-03
   153.0      0.7888E-03
   154.0      0.7464E-03
   155.0      0.7043E-03
   156.0      0.6646E-03
   157.0      0.6295E-03
   158.0      0.6010E-03
   159.0      0.5810E-03
   160.0      0.5711E-03
   161.0      0.5726E-03
   162.0      0.5864E-03
   163.0      0.6132E-03
   164.0      0.6529E-03
   165.0      0.7052E-03
   166.0      0.7693E-03
   167.0      0.8440E-03
   168.0      0.9277E-03
   169.0      0.1018E-02
   170.0      0.1113E-02
   171.0      0.1210E-02
   172.0      0.1307E-02
   173.0      0.1400E-02
   174.0      0.1488E-02
   175.0      0.1566E-02
   176.0      0.1634E-02
   177.0      0.1689E-02
   178.0      0.1730E-02
   179.0      0.1755E-02
   180.0      0.1763E-02
