1.0000 0.1544
2.0000 0.1423
3.0000 0.1374
4.0000 0.1307
5.0000 0.1233
6.0000 0.1145
7.0000 0.1059
8.0000 0.0955
9.0000 0.0860
10.0000 0.0763
11.0000 0.0674
12.0000 0.0593
13.0000 0.0519
14.0000 0.0459
15.0000 0.0406
16.0000 0.0365
17.0000 0.0335
18.0000 0.0313
19.0000 0.0299
20.0000 0.0291
21.0000 0.0285
22.0000 0.0282
23.0000 0.0280
24.0000 0.0277
25.0000 0.0272
26.0000 0.0265
27.0000 0.0254
28.0000 0.0242
29.0000 0.0226
30.0000 0.0210
31.0000 0.0190
32.0000 0.0171
33.0000 0.0152
34.0000 0.0134
35.0000 0.0118
36.0000 0.0104
37.0000 0.0093
38.0000 0.0084
39.0000 0.0079
40.0000 0.0077
41.0000 0.0077
42.0000 0.0080
43.0000 0.0085
44.0000 0.0090
45.0000 0.0096
46.0000 0.0103
47.0000 0.0108
48.0000 0.0113
49.0000 0.0116
50.0000 0.0118
51.0000 0.0118
52.0000 0.0116
53.0000 0.0113
54.0000 0.0107
55.0000 0.0101
56.0000 0.0093
57.0000 0.0084
58.0000 0.0076
59.0000 0.0066
60.0000 0.0057
61.0000 0.0048
62.0000 0.0040
63.0000 0.0033
64.0000 0.0027
65.0000 0.0022
66.0000 0.0018
67.0000 0.0015
68.0000 0.0013
69.0000 0.0012
70.0000 0.0012
71.0000 0.0012
72.0000 0.0013
73.0000 0.0014
74.0000 0.0016
75.0000 0.0018
76.0000 0.0019
77.0000 0.0021
78.0000 0.0022
79.0000 0.0023
80.0000 0.0024
81.0000 0.0024
82.0000 0.0024
83.0000 0.0024
84.0000 0.0023
85.0000 0.0022
86.0000 0.0021
87.0000 0.0019
88.0000 0.0018
89.0000 0.0017
90.0000 0.0015
91.0000 0.0013
92.0000 0.0012
93.0000 0.0011
94.0000 0.0010
95.0000 0.0008
96.0000 0.0008
97.0000 0.0007
98.0000 0.0006
99.0000 0.0006
100.0000 0.0006
101.0000 0.0006
102.0000 0.0006
103.0000 0.0006
104.0000 0.0006
105.0000 0.0006
106.0000 0.0007
107.0000 0.0007
108.0000 0.0007
109.0000 0.0008
110.0000 0.0008
111.0000 0.0008
112.0000 0.0008
113.0000 0.0008
114.0000 0.0008
115.0000 0.0008
116.0000 0.0008
117.0000 0.0008
118.0000 0.0008
119.0000 0.0008
120.0000 0.0007
121.0000 0.0007
122.0000 0.0006
123.0000 0.0006
124.0000 0.0006
125.0000 0.0005
126.0000 0.0005
127.0000 0.0004
128.0000 0.0004
129.0000 0.0004
130.0000 0.0003
131.0000 0.0003
132.0000 0.0003
133.0000 0.0002
134.0000 0.0002
135.0000 0.0002
136.0000 0.0002
137.0000 0.0002
138.0000 0.0002
139.0000 0.0002
140.0000 0.0002
141.0000 0.0002
142.0000 0.0002
143.0000 0.0002
144.0000 0.0002
145.0000 0.0002
146.0000 0.0002
147.0000 0.0002
148.0000 0.0002
149.0000 0.0002
150.0000 0.0002
151.0000 0.0002
152.0000 0.0002
153.0000 0.0002
154.0000 0.0002
155.0000 0.0002
156.0000 0.0002
157.0000 0.0003
158.0000 0.0003
159.0000 0.0003
160.0000 0.0003
161.0000 0.0003
162.0000 0.0003
163.0000 0.0003
164.0000 0.0003
165.0000 0.0003
166.0000 0.0003
167.0000 0.0003
168.0000 0.0004
169.0000 0.0004
170.0000 0.0004
171.0000 0.0004
172.0000 0.0004
173.0000 0.0005
174.0000 0.0005
175.0000 0.0005
176.0000 0.0005
177.0000 0.0005
178.0000 0.0005
179.0000 0.0005
