0.0000 0.58153
1.0000 0.59821
2.0000 0.63849
3.0000 0.69843
4.0000 0.79810
5.0000 0.87929
6.0000 0.97907
7.0000 1.1065
8.0000 1.2005
9.0000 1.3272
10.000 1.4312
11.000 1.6107
12.000 1.7739
13.000 1.9213
14.000 2.0792
15.000 2.2535
16.000 2.4306
17.000 2.6781
18.000 2.9212
19.000 3.1642
20.000 3.3767
21.000 3.6583
22.000 3.8613
23.000 3.9386
24.000 4.0103
25.000 4.0345
26.000 3.9999
27.000 3.9453
28.000 3.8577
29.000 3.4960
30.000 3.2099
31.000 2.9436
32.000 2.6294
33.000 2.2749
34.000 1.9292
35.000 1.6121
36.000 1.3682
37.000 1.1084
38.000 0.91137
39.000 0.75498
