0.0000 0.15164
1.0000 0.16581
2.0000 0.21207
3.0000 0.27522
4.0000 0.35973
5.0000 0.43730
6.0000 0.54002
7.0000 0.61947
8.0000 0.70163
9.0000 0.77227
10.000 0.81744
11.000 0.86630
12.000 0.86771
13.000 0.83169
14.000 0.77902
15.000 0.72993
16.000 0.64432
17.000 0.54580
18.000 0.45404
19.000 0.37643
20.000 0.28552
21.000 0.20933
22.000 0.14915
23.000 0.10601
24.000 0.10156
25.000 0.10116
26.000 0.10075
27.000 0.10039
28.000 0.10012
29.000 0.10000
30.000 0.11262
31.000 0.12971
32.000 0.14508
33.000 0.15560
34.000 0.16220
35.000 0.16377
36.000 0.15988
37.000 0.15286
38.000 0.14307
39.000 0.12965
