0.00000 0.08642
1.00000 0.08995
2.00000 0.09389
3.00000 0.10964
4.00000 0.13555
5.00000 0.16323
6.00000 0.19665
7.00000 0.23203
8.00000 0.27345
9.00000 0.30813
10.00000 0.35075
11.00000 0.39271
12.00000 0.43495
13.00000 0.48235
14.00000 0.52974
15.00000 0.58115
16.00000 0.63089
17.00000 0.68584
18.00000 0.75279
19.00000 0.81657
20.00000 0.86843
21.00000 0.94189
22.00000 1.02994
23.00000 1.10779
24.00000 1.17696
25.00000 1.25280
26.00000 1.36702
27.00000 1.38246
28.00000 1.42624
29.00000 1.48455
30.00000 1.50231
31.00000 1.52265
32.00000 1.54591
33.00000 1.52244
34.00000 1.49887
35.00000 1.46895
36.00000 1.46982
37.00000 1.38564
38.00000 1.28683
39.00000 1.20918
40.00000 1.12348
41.00000 1.03520
42.00000 0.95980
43.00000 0.86825
44.00000 0.78007
45.00000 0.69458
46.00000 0.61914
47.00000 0.54903
48.00000 0.48209
49.00000 0.42776
50.00000 0.37964
51.00000 0.33693
52.00000 0.30478
53.00000 0.28064
54.00000 0.26082
55.00000 0.25077
56.00000 0.24384
57.00000 0.24115
58.00000 0.24381
59.00000 0.24738
60.00000 0.25475
61.00000 0.25995
62.00000 0.26528
63.00000 0.27219
64.00000 0.27875
65.00000 0.28302
66.00000 0.28531
67.00000 0.28608
68.00000 0.28608
69.00000 0.28462
70.00000 0.28202
71.00000 0.27595
72.00000 0.26947
73.00000 0.26349
74.00000 0.25496
75.00000 0.24711
76.00000 0.23955
77.00000 0.23115
78.00000 0.22058
79.00000 0.21313
80.00000 0.20365
81.00000 0.19574
82.00000 0.18875
83.00000 0.18090
84.00000 0.17410
85.00000 0.16777
86.00000 0.15952
87.00000 0.15246
88.00000 0.14971
89.00000 0.14848
