1.00000 0.04819
2.00000 0.05004
3.00000 0.05224
4.00000 0.05610
5.00000 0.06072
6.00000 0.06577
7.00000 0.07133
8.00000 0.07681
9.00000 0.08288
10.00000 0.08970
11.00000 0.09748
12.00000 0.10575
13.00000 0.11475
14.00000 0.12505
15.00000 0.13732
16.00000 0.15130
17.00000 0.16613
18.00000 0.18529
19.00000 0.20376
20.00000 0.22471
21.00000 0.24491
22.00000 0.26472
23.00000 0.28888
24.00000 0.31208
25.00000 0.32862
26.00000 0.34931
27.00000 0.35718
28.00000 0.36310
29.00000 0.36516
30.00000 0.37026
31.00000 0.36138
32.00000 0.34819
33.00000 0.33721
34.00000 0.31970
35.00000 0.30679
36.00000 0.28412
37.00000 0.25413
38.00000 0.23308
39.00000 0.20443
40.00000 0.18428
41.00000 0.16596
42.00000 0.14831
43.00000 0.13154
44.00000 0.11625
45.00000 0.10340
46.00000 0.09210
47.00000 0.08449
48.00000 0.07643
49.00000 0.07174
50.00000 0.06898
51.00000 0.06743
52.00000 0.06676
53.00000 0.06834
54.00000 0.06977
55.00000 0.07207
56.00000 0.07502
57.00000 0.07569
58.00000 0.07849
59.00000 0.08064
60.00000 0.08156
61.00000 0.08247
62.00000 0.08247
63.00000 0.08289
64.00000 0.08202
65.00000 0.08156
66.00000 0.08142
67.00000 0.07817
68.00000 0.07689
69.00000 0.07564
70.00000 0.07396
71.00000 0.07262
72.00000 0.07094
73.00000 0.06868
74.00000 0.06720
75.00000 0.06552
76.00000 0.06468
77.00000 0.06256
78.00000 0.06187
79.00000 0.06075
80.00000 0.05962
81.00000 0.05849
82.00000 0.05713
83.00000 0.05545
84.00000 0.05399
85.00000 0.05252
86.00000 0.05075
87.00000 0.04869
88.00000 0.04820
89.00000 0.04899
90.00000 0.04869
