0 0.0082638
1.3499 0.028592
4.864 0.098768
7.6636 0.34173
9.7647 0.84271
13.273 3.2607
20.37 8.9049
24.687 4.4651
28.307 1.5957
31.238 0.32394
31.322 0.052756
33.528 0.013459
36.443 0.0038398
37.268 0.00035408
38.765 0.000080775
40.272 0.000014687
41.78 2.6705E-06
43.308 3.0846E-07
45.535 4.9991E-08
46.334 8.1282E-09
49.286 1.0482E-09
51.529 1.2088E-10
53.756 1.9591E-11
58.793 8.7557E-12
63.762 1.7098E-11
67.292 4.2026E-11
70.086 1.6287E-10
74.273 1.3919E-09
75.643 4.8316E-09
84.158 1.6502E-08
89.904 8.2476E-09
94.243 2.6271E-09
99.343 3.01E-10
102.99 5.4465E-11
108.71 5.3764E-11
116.52 1.3087E-10
122.2 3.2012E-10
127.16 7.8431E-10
132.11 2.1524E-09
137.8 3.3446E-09
145.68 2.0871E-09
151.42 1.3088E-09
160.75 5.1716E-10
165.77 3.2482E-10
173.67 1.2877E-10
180 5.1213E-11
