2.568432916104584 0.29201968916837945
7.735694404125617 0.20309360489548628
11.590649066785065 0.12903934590577862
12.855142500981888 0.09255011021663927
15.185191509707831 0.08199080186229976
18.04118782124623 0.07599604130131042
20.144977032496033 0.09106291352697116
23.030002902955896 0.10910405294843993
26.440976076228207 0.13676591306731603
30.100408121446012 0.15423996672522156
33.73593347108144 0.14080376427273508
36.821604822322016 0.09944713003095208
39.648571574938956 0.0713090390960047
41.43388944860915 0.05114052936473428
43.99873636037637 0.03612246345420872
45.79771520295078 0.02923183750512004
47.057085773808495 0.020037295728361097
48.057751746042584 0.0139442911263678
49.58436502108913 0.010152930597817876
50.32632639469955 0.007173367687324039
52.11847475282184 0.005464781314320785
52.598316285582555 0.00380333231266909
53.5972746367036 0.0026071399316666163
53.81841157084065 0.0018421719642042298
54.54841959665988 0.0011710110350827687
54.83956899643107 0.0015366490181921006
56.88017622649886 0.0010531893195917864
58.72013797578593 0.0012245021825079627
59.27169959529378 0.0016067791310146744
60.59254452622052 0.0018967090534642921
63.47586277556735 0.0022384262734436726
66.85268352657911 0.002074600501666779
69.71209508034356 0.0019818685457708134
72.06946602687795 0.0022355237067198186
74.4370827000905 0.002760751424085092
77.84464063113676 0.0033577608419387184
81.73887057939584 0.0030192061078165625
81.96342275575896 0.002198736159148674
84.79209712948888 0.0016005996358470632
85.79276310172297 0.0011138842088066173
87.05896415703282 0.0008110583494799504
88.05792250815388 0.0005559710369764829
88.81525247178155 0.00044998623413871567
90.10194498044774 0.000392733964313277


