0 0
0.1 0
0.2 0
0.3 0
0.4 0
0.5 0
0.6 0
0.7 0
0.8 0
0.9 0
1 0
1.1 0
1.2 0
1.3 0
1.4 0
1.5 0
1.6 0
1.7 0
1.8 0
1.9 0
2 0
2.1 0
2.2 0
2.3 0
2.4 0
2.5 0
2.6 0
2.7 0
2.8 0
2.9 0
3 0
3.1 0
3.2 0
3.3 0
3.4 0
3.5 0
3.6 0
3.7 0
3.8 0
3.9 0
4 0
4.1 0
4.2 0
4.3 0
4.4 0
4.5 0
4.6 0
4.7 0
4.8 0
4.9 0
5 0
5.1 0
5.2 0
5.3 0
5.4 0
5.5 0
5.6 0
5.7 0
5.8 0
5.9 0
6 0
6.1 0
6.2 0
6.3 0
6.4 0
6.5 0
6.6 0
6.7 0
6.8 0
6.9 0
7 0
7.1 0
7.2 0
7.3 0
7.4 0
7.5 0
7.6 0
7.7 0
7.8 0
7.9 0
8 0
8.1 0
8.2 0
8.3 0
8.4 0
8.5 0
8.6 0
8.7 0
8.8 0
8.9 0
9 0
9.1 0
9.2 0
9.3 0
9.4 0
9.5 0
9.6 0
9.7 0
9.8 0
9.9 0
10 82.2766
10.1 80.2449
10.2 78.2132
10.3 76.1815
10.4 74.1498
10.5 72.1181
10.6 70.0864
10.7 68.3338
10.8 66.8356
10.9 65.3374
11 63.8392
11.1 62.341
11.2 60.8428
11.3 59.3447
11.4 57.8465
11.5 56.3483
11.6 54.8501
11.7 53.3519
11.8 51.8537
11.9 50.3555
12 48.8573
12.1 48.1867
12.2 47.5446
12.3 46.9026
12.4 46.2605
12.5 45.6184
12.6 44.9764
12.7 44.3343
12.8 43.6922
12.9 43.0502
13 42.4081
13.1 41.766
13.2 41.1239
13.3 40.4819
13.4 39.8398
13.5 39.1977
13.6 38.5557
13.7 37.9136
13.8 37.2715
13.9 36.6295
14 35.9874
14.1 35.3453
14.2 34.7032
14.3 34.0612
14.4 33.3997
14.5 32.7366
14.6 32.0734
14.7 31.4103
14.8 30.7471
14.9 30.0839
15 29.4208
15.1 28.7576
15.2 28.0945
15.3 27.4313
15.4 26.7682
15.5 26.105
15.6 25.4419
15.7 24.8951
15.8 24.524
15.9 24.1529
16 23.7818
16.1 23.4107
16.2 23.0396
16.3 22.6685
16.4 22.2974
16.5 21.9262
16.6 21.5551
16.7 21.184
16.8 20.8129
16.9 20.4418
17 20.0707
17.1 19.8606
17.2 19.6597
17.3 19.4589
17.4 19.258
17.5 19.0572
17.6 18.8563
17.7 18.6555
17.8 18.4547
17.9 18.2538
18 18.053
18.1 17.8521
18.2 17.6513
18.3 17.4505
18.4 17.2496
18.5 17.0488
18.6 17.0042
18.7 17.0468
18.8 17.0893
18.9 17.1318
19 17.1744
19.1 17.2169
19.2 17.2595
19.3 17.302
19.4 17.3445
19.5 17.3871
19.6 17.4296
19.7 17.4721
19.8 17.5147
19.9 17.5572
20 17.5997
20.1 17.6423
20.2 17.6848
20.3 17.7273
20.4 17.7699
20.5 17.8124
20.6 17.8549
20.7 17.8975
20.8 17.94
20.9 17.9826
21 18.0251
21.1 18.0676
21.2 18.1102
21.3 18.1527
21.4 18.1952
21.5 18.2378
21.6 18.2803
21.7 18.3228
21.8 18.3654
21.9 18.4079
22 18.4504
22.1 18.493
22.2 18.6026
22.3 18.7418
22.4 18.881
22.5 19.0202
22.6 19.1594
22.7 19.2986
22.8 19.4378
22.9 19.577
23 19.7162
23.1 19.8554
23.2 19.9946
23.3 20.1338
23.4 20.273
23.5 20.4122
23.6 20.5514
23.7 20.6906
23.8 20.8298
23.9 20.969
24 21.1082
24.1 21.2474
24.2 21.3866
24.3 21.5258
24.4 21.665
24.5 21.8042
24.6 21.9195
24.7 21.9327
24.8 21.9458
24.9 21.959
25 21.9722
25.1 21.9853
25.2 21.9985
25.3 22.0117
25.4 22.0248
25.5 22.038
25.6 22.0512
25.7 22.0643
25.8 22.0775
25.9 22.0906
26 22.1038
26.1 22.117
26.2 22.1301
26.3 22.1433
26.4 22.1565
26.5 22.1696
26.6 22.1828
26.7 22.1959
26.8 22.2091
26.9 22.2223
27 22.2354
27.1 22.2486
27.2 22.2618
27.3 22.2354
27.4 22.1888
27.5 22.1422
27.6 22.0956
27.7 22.0491
27.8 22.0025
27.9 21.9559
28 21.9093
28.1 21.8627
28.2 21.8161
28.3 21.7696
28.4 21.723
28.5 21.6764
28.6 21.6298
28.7 21.5832
28.8 21.5367
28.9 21.4901
29 21.4435
29.1 21.3969
29.2 21.2785
29.3 21.1248
29.4 20.9711
29.5 20.8174
29.6 20.6637
29.7 20.51
29.8 20.3563
29.9 20.2026
30 20.049
30.1 19.8953
30.2 19.7416
30.3 19.5879
30.4 19.4342
30.5 19.2805
30.6 19.1268
30.7 18.9732
30.8 18.8195
30.9 18.6658
31 18.5121
31.1 18.3584
31.2 18.2047
31.3 18.051
31.4 17.8974
31.5 17.6954
31.6 17.4794
31.7 17.2634
31.8 17.0474
31.9 16.8314
32 16.6153
32.1 16.3993
32.2 16.1833
32.3 15.9673
32.4 15.7513
32.5 15.5353
32.6 15.3193
32.7 15.1032
32.8 14.8872
32.9 14.6712
33 14.4552
33.1 14.2392
33.2 14.0232
33.3 13.8072
33.4 13.6196
33.5 13.451
33.6 13.2824
33.7 13.1138
33.8 12.9453
33.9 12.7767
34 12.6081
34.1 12.4395
34.2 12.2709
34.3 12.1023
34.4 11.9338
34.5 11.7652
34.6 11.5966
34.7 11.428
34.8 11.2594
34.9 11.0909
35 10.9223
35.1 10.7537
35.2 10.5851
35.3 10.4165
35.4 10.248
35.5 10.0794
35.6 9.91079
35.7 9.74221
35.8 9.57363
35.9 9.40504
36 9.23646
36.1 9.06788
36.2 8.8993
36.3 8.73072
36.4 8.56214
36.5 8.39356
36.6 8.22497
36.7 8.05639
36.8 7.88781
36.9 7.71923
37 7.55065
37.1 7.38207
37.2 7.21452
37.3 7.0525
37.4 6.89047
37.5 6.72844
37.6 6.56641
37.7 6.40439
37.8 6.24236
37.9 6.08033
38 5.9183
38.1 5.75627
38.2 5.59425
38.3 5.43222
38.4 5.27019
38.5 5.10816
38.6 4.97754
38.7 4.86869
38.8 4.75984
38.9 4.65098
39 4.54213
39.1 4.43328
39.2 4.32443
39.3 4.21558
39.4 4.10672
39.5 3.99787
39.6 3.88902
39.7 3.78017
39.8 3.67132
39.9 3.56246
40 3.45361
40.1 3.34476
40.2 3.23591
40.3 3.12706
40.4 3.0182
40.5 2.91164
40.6 2.81509
40.7 2.71853
40.8 2.62198
40.9 2.52542
41 2.42887
41.1 2.33231
41.2 2.23576
41.3 2.1392
41.4 2.04265
41.5 1.94559
41.6 1.84771
41.7 1.74984
41.8 1.65197
41.9 1.55409
42 1.45622
42.1 1.35835
42.2 1.26047
42.3 1.18009
42.4 1.12702
42.5 1.07396
42.6 1.02089
42.7 0.967827
42.8 0.914761
42.9 0.861695
43 0.808629
43.1 0.772097
43.2 0.755636
43.3 0.739175
43.4 0.722713
43.5 0.706252
43.6 0.68979
43.7 0.673329
43.8 0.656868
43.9 0.640406
44 0.623945
44.1 0.607484
44.2 0.591022
44.3 0.574561
44.4 0.5581
44.5 0.541638
44.6 0.525177
44.7 0.508716
44.8 0.492417
44.9 0.489545
45 0.486674
45.1 0.483803
45.2 0.480931
45.3 0.47806
45.4 0.475188
45.5 0.472317
45.6 0.469446
45.7 0.466574
45.8 0.463703
45.9 0.460832
46 0.464675
46.1 0.473365
46.2 0.482055
46.3 0.490746
46.4 0.499436
46.5 0.508126
46.6 0.516817
46.7 0.525507
46.8 0.534197
46.9 0.542888
47 0.551578
47.1 0.560268
47.2 0.568959
47.3 0.577649
47.4 0.586339
47.5 0.59503
47.6 0.60372
47.7 0.61241
47.8 0.6211
47.9 0.629791
48 0.638481
48.1 0.647171
48.2 0.655862
48.3 0.664552
48.4 0.674545
48.5 0.68849
48.6 0.702436
48.7 0.716381
48.8 0.730327
48.9 0.744273
49 0.758218
49.1 0.772164
49.2 0.786109
49.3 0.800055
49.4 0.814001
49.5 0.827946
49.6 0.841892
49.7 0.855837
49.8 0.869783
49.9 0.883728
50 0.897674
50.1 0.91162
50.2 0.925565
50.3 0.939511
50.4 0.953456
50.5 0.967402
50.6 0.981347
50.7 0.995293
50.8 1.00924
50.9 1.02318
51 1.03731
51.1 1.05403
51.2 1.07076
51.3 1.08748
51.4 1.1042
51.5 1.12092
51.6 1.13765
51.7 1.15437
51.8 1.17109
51.9 1.18781
52 1.20454
52.1 1.22126
52.2 1.23798
52.3 1.25471
52.4 1.27143
52.5 1.28815
52.6 1.30487
52.7 1.3216
52.8 1.33832
52.9 1.35504
53 1.37176
53.1 1.38849
53.2 1.40521
53.3 1.42193
53.4 1.43865
53.5 1.45538
53.6 1.4721
53.7 1.48882
53.8 1.50555
53.9 1.52227
54 1.53899
54.1 1.55571
54.2 1.57244
54.3 1.58916
54.4 1.60227
54.5 1.60697
54.6 1.61166
54.7 1.61636
54.8 1.62105
54.9 1.62574
55 1.63044
55.1 1.63513
55.2 1.63983
55.3 1.64452
55.4 1.64922
55.5 1.65391
55.6 1.65861
55.7 1.6633
55.8 1.668
55.9 1.67269
56 1.67738
56.1 1.68208
56.2 1.68677
56.3 1.69147
56.4 1.69616
56.5 1.70086
56.6 1.70555
56.7 1.71025
56.8 1.71494
56.9 1.71964
57 1.72433
57.1 1.72902
57.2 1.73372
57.3 1.73841
57.4 1.74311
57.5 1.7478
57.6 1.7525
57.7 1.75719
57.8 1.76189
57.9 1.76658
58 1.76737
58.1 1.76134
58.2 1.75531
58.3 1.74927
58.4 1.74324
58.5 1.7372
58.6 1.73117
58.7 1.72514
58.8 1.7191
58.9 1.71307
59 1.70704
59.1 1.701
59.2 1.69497
59.3 1.68893
59.4 1.6829
59.5 1.67687
59.6 1.67083
59.7 1.6648
59.8 1.65876
59.9 1.65273
60 1.6467
60.1 1.64066
60.2 1.63463
60.3 1.62859
60.4 1.62256
60.5 1.61653
60.6 1.61049
60.7 1.60446
60.8 1.59842
60.9 1.59239
61 1.58636
61.1 1.5747
61.2 1.56269
61.3 1.55068
61.4 1.53868
61.5 1.52667
61.6 1.51466
61.7 1.50266
61.8 1.49065
61.9 1.47864
62 1.46663
62.1 1.45463
62.2 1.44262
62.3 1.43061
62.4 1.41861
62.5 1.4066
62.6 1.39459
62.7 1.38259
62.8 1.37058
62.9 1.35857
63 1.34656
63.1 1.33456
63.2 1.32255
63.3 1.31054
63.4 1.29854
63.5 1.28653
63.6 1.27452
63.7 1.26251
63.8 1.25051
63.9 1.2385
64 1.22649
64.1 1.21374
64.2 1.19985
64.3 1.18595
64.4 1.17205
64.5 1.15815
64.6 1.14425
64.7 1.13036
64.8 1.11646
64.9 1.10256
65 1.08866
65.1 1.07476
65.2 1.06087
65.3 1.04697
65.4 1.03307
65.5 1.01917
65.6 1.00527
65.7 0.991377
65.8 0.977479
65.9 0.963581
66 0.949683
66.1 0.935786
66.2 0.921888
66.3 0.90799
66.4 0.894092
66.5 0.880194
66.6 0.866296
66.7 0.852398
66.8 0.8385
66.9 0.824603
67 0.810705
67.1 0.796807
67.2 0.782616
67.3 0.768303
67.4 0.753991
67.5 0.739679
67.6 0.725366
67.7 0.711054
67.8 0.696741
67.9 0.682429
68 0.668117
68.1 0.653804
68.2 0.639492
68.3 0.625179
68.4 0.610867
68.5 0.596555
68.6 0.582242
68.7 0.56793
68.8 0.553617
68.9 0.539305
69 0.524993
69.1 0.51068
69.2 0.496368
69.3 0.482055
69.4 0.467743
69.5 0.449889
69.6 0.428656
69.7 0.407423
69.8 0.386189
69.9 0.364956
70 0.343722
70.1 0.33076
70.2 0.32428
70.3 0.317801
70.4 0.311322
70.5 0.304843
70.6 0.298363
70.7 0.291884
70.8 0.285405
70.9 0.278925
71 0.272446
71.1 0.265967
71.2 0.259488
71.3 0.253008
71.4 0.246529
71.5 0.24005
71.6 0.23357
71.7 0.227091
71.8 0.220612
71.9 0.214133
72 0.207653
72.1 0.201174
72.2 0.194695
72.3 0.188216
72.4 0.182628
72.5 0.178945
72.6 0.175262
72.7 0.171579
72.8 0.167896
72.9 0.164213
73 0.16053
73.1 0.156847
73.2 0.153163
73.3 0.14948
73.4 0.145797
73.5 0.142114
73.6 0.138431
73.7 0.134748
73.8 0.131065
73.9 0.127382
74 0.123698
74.1 0.120015
74.2 0.116332
74.3 0.112649
74.4 0.108966
74.5 0.105283
74.6 0.1016
74.7 0.0979166
74.8 0.0942335
74.9 0.0905504
75 0.0868673
75.1 0.0831841
75.2 0.079501
75.3 0.0758179
75.4 0.0721348
75.5 0.0684517
75.6 0.0647685
75.7 0.0610854
75.8 0.0574023
75.9 0.0537192
76 0.0500361
76.1 0.0463529
76.2 0.0426698
76.3 0.0389867
76.4 0.0353036
76.5 0.0316205
76.6 0.0279373
76.7 0.0242542
76.8 0.0205711
76.9 0.016888
77 0.0132049
77.1 0.00952174
77.2 0.00583862
77.3 0.0021555
77.4 0
77.5 0
77.6 0
77.7 0
77.8 0
77.9 0
78 0
78.1 0
78.2 0
78.3 0
78.4 0
78.5 0
78.6 0
78.7 0
78.8 0
78.9 0
79 0
79.1 0
79.2 0
79.3 0
79.4 0
79.5 0
79.6 0
79.7 0
79.8 0
79.9 0
80 0
80.1 0
80.2 0
80.3 0
80.4 0
80.5 0
80.6 0
80.7 0
80.8 0
80.9 0
81 0
81.1 0
81.2 0
81.3 0
81.4 0
81.5 0
81.6 0
81.7 0
81.8 0
81.9 0
82 0
82.1 0
82.2 0
82.3 0
82.4 0
82.5 0
82.6 0
82.7 0
82.8 0
82.9 0
83 0
83.1 0
83.2 0
83.3 0
83.4 0
83.5 0
83.6 0
83.7 0
83.8 0
83.9 0
84 0
84.1 0
84.2 0
84.3 0
84.4 0
84.5 0
84.6 0
84.7 0
84.8 0
84.9 0
85 0
85.1 0
85.2 0
85.3 0
85.4 0
85.5 0
85.6 0
85.7 0
85.8 0
85.9 0
86 0
86.1 0
86.2 0
86.3 0
86.4 0
86.5 0
86.6 0
86.7 0
86.8 0
86.9 0
87 0
87.1 0
87.2 0
87.3 0
87.4 0
87.5 0
87.6 0
87.7 0
87.8 0
87.9 0
88 0
88.1 0
88.2 0
88.3 0
88.4 0
88.5 0
88.6 0
88.7 0
88.8 0
88.9 0
89 0
89.1 0
89.2 0
89.3 0
89.4 0
89.5 0
89.6 0
89.7 0
89.8 0
89.9 0
90 0
90.1 0
90.2 0
90.3 0
90.4 0
90.5 0
90.6 0
90.7 0
90.8 0
90.9 0
91 0
91.1 0
91.2 0
91.3 0
91.4 0
91.5 0
91.6 0
91.7 0
91.8 0
91.9 0
92 0
92.1 0
92.2 0
92.3 0
92.4 0
92.5 0
92.6 0
92.7 0
92.8 0
92.9 0
93 0
93.1 0
93.2 0
93.3 0
93.4 0
93.5 0
93.6 0
93.7 0
93.8 0
93.9 0
94 0
94.1 0
94.2 0
94.3 0
94.4 0
94.5 0
94.6 0
94.7 0
94.8 0
94.9 0
95 0
95.1 0
95.2 0
95.3 0
95.4 0
95.5 0
95.6 0
95.7 0
95.8 0
95.9 0
96 0
96.1 0
96.2 0
96.3 0
96.4 0
96.5 0
96.6 0
96.7 0
96.8 0
96.9 0
97 0
97.1 0
97.2 0
97.3 0
97.4 0
97.5 0
97.6 0
97.7 0
97.8 0
97.9 0
98 0
98.1 0
98.2 0
98.3 0
98.4 0
98.5 0
98.6 0
98.7 0
98.8 0
98.9 0
99 0
99.1 0
99.2 0
99.3 0
99.4 0
99.5 0
99.6 0
99.7 0
99.8 0
99.9 0
100 0
100.1 0
100.2 0
100.3 0
100.4 0
100.5 0
100.6 0
100.7 0
100.8 0
100.9 0
101 0
101.1 0
101.2 0
101.3 0
101.4 0
101.5 0
101.6 0
101.7 0
101.8 0
101.9 0
102 0
102.1 0
102.2 0
102.3 0
102.4 0
102.5 0
102.6 0
102.7 0
102.8 0
102.9 0
103 0
103.1 0
103.2 0
103.3 0
103.4 0
103.5 0
103.6 0
103.7 0
103.8 0
103.9 0
104 0
104.1 0
104.2 0
104.3 0
104.4 0
104.5 0
104.6 0
104.7 0
104.8 0
104.9 0
105 0
105.1 0
105.2 0
105.3 0
105.4 0
105.5 0
105.6 0
105.7 0
105.8 0
105.9 0
106 0
106.1 0
106.2 0
106.3 0
106.4 0
106.5 0
106.6 0
106.7 0
106.8 0
106.9 0
107 0
107.1 0
107.2 0
107.3 0
107.4 0
107.5 0
107.6 0
107.7 0
107.8 0
107.9 0
108 0
108.1 0
108.2 0
108.3 0
108.4 0
108.5 0
108.6 0
108.7 0
108.8 0
108.9 0
109 0
109.1 0
109.2 0
109.3 0
109.4 0
109.5 0
109.6 0
109.7 0
109.8 0
109.9 0
110 0
110.1 0
110.2 0
110.3 0
110.4 0
110.5 0
110.6 0
110.7 0
110.8 0
110.9 0
111 0
111.1 0
111.2 0
111.3 0
111.4 0
111.5 0
111.6 0
111.7 0
111.8 0
111.9 0
112 0
112.1 0
112.2 0
112.3 0
112.4 0
112.5 0
112.6 0
112.7 0
112.8 0
112.9 0
113 0
113.1 0
113.2 0
113.3 0
113.4 0
113.5 0
113.6 0
113.7 0
113.8 0
113.9 0
114 0
114.1 0
114.2 0
114.3 0
114.4 0
114.5 0
114.6 0
114.7 0
114.8 0
114.9 0
115 0
115.1 0
115.2 0
115.3 0
115.4 0
115.5 0
115.6 0
115.7 0
115.8 0
115.9 0
116 0
116.1 0
116.2 0
116.3 0
116.4 0
116.5 0
116.6 0
116.7 0
116.8 0
116.9 0
117 0
117.1 0
117.2 0
117.3 0
117.4 0
117.5 0
117.6 0
117.7 0
117.8 0
117.9 0
118 0
118.1 0
118.2 0
118.3 0
118.4 0
118.5 0
118.6 0
118.7 0
118.8 0
118.9 0
119 0
119.1 0
119.2 0
119.3 0
119.4 0
119.5 0
119.6 0
119.7 0
119.8 0
119.9 0
120 0
120.1 0
120.2 0
120.3 0
120.4 0
120.5 0
120.6 0
120.7 0
120.8 0
120.9 0
121 0
121.1 0
121.2 0
121.3 0
121.4 0
121.5 0
121.6 0
121.7 0
121.8 0
121.9 0
122 0
122.1 0
122.2 0
122.3 0
122.4 0
122.5 0
122.6 0
122.7 0
122.8 0
122.9 0
123 0
123.1 0
123.2 0
123.3 0
123.4 0
123.5 0
123.6 0
123.7 0
123.8 0
123.9 0
124 0
124.1 0
124.2 0
124.3 0
124.4 0
124.5 0
124.6 0
124.7 0
124.8 0
124.9 0
125 0
125.1 0
125.2 0
125.3 0
125.4 0
125.5 0
125.6 0
125.7 0
125.8 0
125.9 0
126 0
126.1 0
126.2 0
126.3 0
126.4 0
126.5 0
126.6 0
126.7 0
126.8 0
126.9 0
127 0
127.1 0
127.2 0
127.3 0
127.4 0
127.5 0
127.6 0
127.7 0
127.8 0
127.9 0
128 0
128.1 0
128.2 0
128.3 0
128.4 0
128.5 0
128.6 0
128.7 0
128.8 0
128.9 0
129 0
129.1 0
129.2 0
129.3 0
129.4 0
129.5 0
129.6 0
129.7 0
129.8 0
129.9 0
130 0
130.1 0
130.2 0
130.3 0
130.4 0
130.5 0
130.6 0
130.7 0
130.8 0
130.9 0
131 0
131.1 0
131.2 0
131.3 0
131.4 0
131.5 0
131.6 0
131.7 0
131.8 0
131.9 0
132 0
132.1 0
132.2 0
132.3 0
132.4 0
132.5 0
132.6 0
132.7 0
132.8 0
132.9 0
133 0
133.1 0
133.2 0
133.3 0
133.4 0
133.5 0
133.6 0
133.7 0
133.8 0
133.9 0
134 0
134.1 0
134.2 0
134.3 0
134.4 0
134.5 0
134.6 0
134.7 0
134.8 0
134.9 0
135 0
135.1 0
135.2 0
135.3 0
135.4 0
135.5 0
135.6 0
135.7 0
135.8 0
135.9 0
136 0
136.1 0
136.2 0
136.3 0
136.4 0
136.5 0
136.6 0
136.7 0
136.8 0
136.9 0
137 0
137.1 0
137.2 0
137.3 0
137.4 0
137.5 0
137.6 0
137.7 0
137.8 0
137.9 0
138 0
138.1 0
138.2 0
138.3 0
138.4 0
138.5 0
138.6 0
138.7 0
138.8 0
138.9 0
139 0
139.1 0
139.2 0
139.3 0
139.4 0
139.5 0
139.6 0
139.7 0
139.8 0
139.9 0
140 0
140.1 0
140.2 0
140.3 0
140.4 0
140.5 0
140.6 0
140.7 0
140.8 0
140.9 0
141 0
141.1 0
141.2 0
141.3 0
141.4 0
141.5 0
141.6 0
141.7 0
141.8 0
141.9 0
142 0
142.1 0
142.2 0
142.3 0
142.4 0
142.5 0
142.6 0
142.7 0
142.8 0
142.9 0
143 0
143.1 0
143.2 0
143.3 0
143.4 0
143.5 0
143.6 0
143.7 0
143.8 0
143.9 0
144 0
144.1 0
144.2 0
144.3 0
144.4 0
144.5 0
144.6 0
144.7 0
144.8 0
144.9 0
145 0
145.1 0
145.2 0
145.3 0
145.4 0
145.5 0
145.6 0
145.7 0
145.8 0
145.9 0
146 0
146.1 0
146.2 0
146.3 0
146.4 0
146.5 0
146.6 0
146.7 0
146.8 0
146.9 0
147 0
147.1 0
147.2 0
147.3 0
147.4 0
147.5 0
147.6 0
147.7 0
147.8 0
147.9 0
148 0
148.1 0
148.2 0
148.3 0
148.4 0
148.5 0
148.6 0
148.7 0
148.8 0
148.9 0
149 0
149.1 0
149.2 0
149.3 0
149.4 0
149.5 0
149.6 0
149.7 0
149.8 0
149.9 0
150 0
150.1 0
150.2 0
150.3 0
150.4 0
150.5 0
150.6 0
150.7 0
150.8 0
150.9 0
151 0
151.1 0
151.2 0
151.3 0
151.4 0
151.5 0
151.6 0
151.7 0
151.8 0
151.9 0
152 0
152.1 0
152.2 0
152.3 0
152.4 0
152.5 0
152.6 0
152.7 0
152.8 0
152.9 0
153 0
153.1 0
153.2 0
153.3 0
153.4 0
153.5 0
153.6 0
153.7 0
153.8 0
153.9 0
154 0
154.1 0
154.2 0
154.3 0
154.4 0
154.5 0
154.6 0
154.7 0
154.8 0
154.9 0
155 0
155.1 0
155.2 0
155.3 0
155.4 0
155.5 0
155.6 0
155.7 0
155.8 0
155.9 0
156 0
156.1 0
156.2 0
156.3 0
156.4 0
156.5 0
156.6 0
156.7 0
156.8 0
156.9 0
157 0
157.1 0
157.2 0
157.3 0
157.4 0
157.5 0
157.6 0
157.7 0
157.8 0
157.9 0
158 0
158.1 0
158.2 0
158.3 0
158.4 0
158.5 0
158.6 0
158.7 0
158.8 0
158.9 0
159 0
159.1 0
159.2 0
159.3 0
159.4 0
159.5 0
159.6 0
159.7 0
159.8 0
159.9 0
160 0
160.1 0
160.2 0
160.3 0
160.4 0
160.5 0
160.6 0
160.7 0
160.8 0
160.9 0
161 0
161.1 0
161.2 0
161.3 0
161.4 0
161.5 0
161.6 0
161.7 0
161.8 0
161.9 0
162 0
162.1 0
162.2 0
162.3 0
162.4 0
162.5 0
162.6 0
162.7 0
162.8 0
162.9 0
163 0
163.1 0
163.2 0
163.3 0
163.4 0
163.5 0
163.6 0
163.7 0
163.8 0
163.9 0
164 0
164.1 0
164.2 0
164.3 0
164.4 0
164.5 0
164.6 0
164.7 0
164.8 0
164.9 0
165 0
165.1 0
165.2 0
165.3 0
165.4 0
165.5 0
165.6 0
165.7 0
165.8 0
165.9 0
166 0
166.1 0
166.2 0
166.3 0
166.4 0
166.5 0
166.6 0
166.7 0
166.8 0
166.9 0
167 0
167.1 0
167.2 0
167.3 0
167.4 0
167.5 0
167.6 0
167.7 0
167.8 0
167.9 0
168 0
168.1 0
168.2 0
168.3 0
168.4 0
168.5 0
168.6 0
168.7 0
168.8 0
168.9 0
169 0
169.1 0
169.2 0
169.3 0
169.4 0
169.5 0
169.6 0
169.7 0
169.8 0
169.9 0
170 0
170.1 0
170.2 0
170.3 0
170.4 0
170.5 0
170.6 0
170.7 0
170.8 0
170.9 0
171 0
171.1 0
171.2 0
171.3 0
171.4 0
171.5 0
171.6 0
171.7 0
171.8 0
171.9 0
172 0
172.1 0
172.2 0
172.3 0
172.4 0
172.5 0
172.6 0
172.7 0
172.8 0
172.9 0
173 0
173.1 0
173.2 0
173.3 0
173.4 0
173.5 0
173.6 0
173.7 0
173.8 0
173.9 0
174 0
174.1 0
174.2 0
174.3 0
174.4 0
174.5 0
174.6 0
174.7 0
174.8 0
174.9 0
175 0
175.1 0
175.2 0
175.3 0
175.4 0
175.5 0
175.6 0
175.7 0
175.8 0
175.9 0
176 0
176.1 0
176.2 0
176.3 0
176.4 0
176.5 0
176.6 0
176.7 0
176.8 0
176.9 0
177 0
177.1 0
177.2 0
177.3 0
177.4 0
177.5 0
177.6 0
177.7 0
177.8 0
177.9 0
178 0
178.1 0
178.2 0
178.3 0
178.4 0
178.5 0
178.6 0
178.7 0
178.8 0
178.9 0
179 0
179.1 0
179.2 0
179.3 0
179.4 0
179.5 0
179.6 0
179.7 0
179.8 0
179.9 0
