2.568432916104584 0.29201968916837945
7.735694404125617 0.20309360489548628
11.590649066785065 0.12903934590577862
12.855142500981888 0.09255011021663927
18.04118782124623 0.07599604130131042
20.374652072198227 0.06938948971845227
23.030002902955896 0.10910405294843993
26.440976076228207 0.13676591306731603
30.100408121446012 0.15423996672522156
33.73593347108144 0.14080376427273508
36.821604822322016 0.09944713003095208
39.648571574938956 0.0713090390960047
41.43388944860915 0.05114052936473428
43.99873636037637 0.03612246345420872
45.79771520295078 0.02923183750512004
47.057085773808495 0.020037295728361097
50.99229862878025 0.025885494806834008
54.62953159952869 0.023990045889106984
59.83094550981028 0.022566307106208095
64.48933590614914 0.017445347154232505
67.57671487850274 0.01250877756893363
71.50509724902237 0.015212590426013603
74.37304690835197 0.015672196367388556
77.48774781851402 0.014308079995940309
80.88506002288212 0.01589498873211101
84.69732415771588 0.006923959232654172
88.31065043288194 0.005194304423136227
