0 0
0.1 0
0.2 0
0.3 0
0.4 0
0.5 0
0.6 0
0.7 0
0.8 0
0.9 0
1 0
1.1 0
1.2 0
1.3 0
1.4 0
1.5 0
1.6 0
1.7 0
1.8 0
1.9 0
2 0
2.1 0
2.2 0
2.3 0
2.4 0
2.5 0
2.6 0
2.7 0
2.8 0
2.9 0
3 0
3.1 0
3.2 0
3.3 0
3.4 0
3.5 0
3.6 0
3.7 0
3.8 0
3.9 0
4 0
4.1 0
4.2 0
4.3 0
4.4 0
4.5 0
4.6 0
4.7 0
4.8 0
4.9 0
5 0
5.1 0
5.2 0
5.3 0
5.4 0
5.5 0
5.6 0
5.7 0
5.8 0
5.9 0
6 0
6.1 0
6.2 0
6.3 0
6.4 0
6.5 0
6.6 0
6.7 0
6.8 0
6.9 0
7 0
7.1 0
7.2 0
7.3 0
7.4 0
7.5 0
7.6 0
7.7 0
7.8 0
7.9 0
8 0
8.1 0
8.2 0
8.3 0
8.4 0
8.5 0
8.6 0
8.7 0
8.8 0
8.9 0
9 0
9.1 0
9.2 0
9.3 0
9.4 0
9.5 0
9.6 0
9.7 0
9.8 0
9.9 0
10 0.0552245
10.1 0.0541148
10.2 0.0530051
10.3 0.0518954
10.4 0.0507857
10.5 0.0496759
10.6 0.0485662
10.7 0.0475803
10.8 0.046985
10.9 0.0463896
11 0.0457942
11.1 0.0451988
11.2 0.0446034
11.3 0.0440081
11.4 0.0434127
11.5 0.0428173
11.6 0.0422219
11.7 0.0416265
11.8 0.0410312
11.9 0.0404358
12 0.0398404
12.1 0.039245
12.2 0.0386497
12.3 0.0380543
12.4 0.0374589
12.5 0.0368635
12.6 0.0360627
12.7 0.0352085
12.8 0.0343544
12.9 0.0335003
13 0.0326462
13.1 0.031792
13.2 0.0309379
13.3 0.0301904
13.4 0.0297405
13.5 0.0292907
13.6 0.0288408
13.7 0.0283909
13.8 0.0279411
13.9 0.0274912
14 0.0270414
14.1 0.0265915
14.2 0.0261417
14.3 0.0256918
14.4 0.025242
14.5 0.0247921
14.6 0.0243422
14.7 0.0238924
14.8 0.0234425
14.9 0.0229927
15 0.0225428
15.1 0.022093
15.2 0.0216431
15.3 0.0211932
15.4 0.0207434
15.5 0.0202935
15.6 0.0200388
15.7 0.0197889
15.8 0.019539
15.9 0.0192891
16 0.0190392
16.1 0.0187893
16.2 0.0185394
16.3 0.0182895
16.4 0.0180396
16.5 0.0177897
16.6 0.0175398
16.7 0.0172899
16.8 0.0170401
16.9 0.0167902
17 0.0164907
17.1 0.0160289
17.2 0.0155671
17.3 0.0151052
17.4 0.0146434
17.5 0.0141816
17.6 0.0137198
17.7 0.013258
17.8 0.0127961
17.9 0.0123343
18 0.0118725
18.1 0.0114107
18.2 0.0109488
18.3 0.010487
18.4 0.0100252
18.5 0.00956339
18.6 0.00910157
18.7 0.00863974
18.8 0.00817792
18.9 0.0077161
19 0.00725428
19.1 0.00679246
19.2 0.00633064
19.3 0.00586882
19.4 0.005407
19.5 0.00494518
19.6 0.00448336
19.7 0.00402154
19.8 0.00355972
19.9 0.0030979
20 0.00263608
20.1 0.00228816
20.2 0.00239277
20.3 0.00249738
20.4 0.00260199
20.5 0.0027066
20.6 0.00281121
20.7 0.00291582
20.8 0.00302043
20.9 0.00312503
21 0.00322964
21.1 0.00333425
21.2 0.00343886
21.3 0.00354347
21.4 0.00364808
21.5 0.00375269
21.6 0.0038573
21.7 0.00396191
21.8 0.00406652
21.9 0.00417113
22 0.00427573
22.1 0.00438034
22.2 0.00448495
22.3 0.00458956
22.4 0.00469417
22.5 0.00479878
22.6 0.00490339
22.7 0.005008
22.8 0.00511261
22.9 0.00521722
23 0.00532183
23.1 0.00542643
23.2 0.00553104
23.3 0.00563565
23.4 0.00574026
23.5 0.00584487
23.6 0.00594948
23.7 0.0059864
23.8 0.00599284
23.9 0.00599929
24 0.00600573
24.1 0.00601217
24.2 0.00601861
24.3 0.00602505
24.4 0.0060315
24.5 0.00603794
24.6 0.00604438
24.7 0.00605082
24.8 0.00605726
24.9 0.00606371
25 0.00607015
25.1 0.00607659
25.2 0.00608303
25.3 0.00608947
25.4 0.00609592
25.5 0.00610236
25.6 0.0061088
25.7 0.00611524
25.8 0.00612168
25.9 0.00612813
26 0.00613457
26.1 0.00614101
26.2 0.00614745
26.3 0.00615389
26.4 0.00616034
26.5 0.00616678
26.6 0.00617322
26.7 0.00617966
26.8 0.0061861
26.9 0.00619255
27 0.00619899
27.1 0.00620543
27.2 0.00621187
27.3 0.00621832
27.4 0.00633331
27.5 0.00653067
27.6 0.00672803
27.7 0.00692539
27.8 0.00712275
27.9 0.00732011
28 0.00751747
28.1 0.00771483
28.2 0.00791219
28.3 0.00810955
28.4 0.00830691
28.5 0.00850427
28.6 0.00870163
28.7 0.00889899
28.8 0.00909635
28.9 0.00929371
29 0.00949106
29.1 0.00968842
29.2 0.00988578
29.3 0.0100831
29.4 0.0102805
29.5 0.0104779
29.6 0.0106752
29.7 0.0108726
29.8 0.0110699
29.9 0.0112673
30 0.0114647
30.1 0.011662
30.2 0.0118594
30.3 0.0120567
30.4 0.0122541
30.5 0.0124515
30.6 0.0126488
30.7 0.0128462
30.8 0.0130435
30.9 0.0132409
31 0.0134383
31.1 0.0134766
31.2 0.0133702
31.3 0.0132638
31.4 0.0131575
31.5 0.0130511
31.6 0.0129447
31.7 0.0128384
31.8 0.012732
31.9 0.0126256
32 0.0125192
32.1 0.0124129
32.2 0.0123065
32.3 0.0122001
32.4 0.0120937
32.5 0.0119874
32.6 0.011881
32.7 0.0117746
32.8 0.0116683
32.9 0.0115619
33 0.0114555
33.1 0.0113491
33.2 0.0112428
33.3 0.0111364
33.4 0.01103
33.5 0.0109236
33.6 0.0108173
33.7 0.0107109
33.8 0.0106045
33.9 0.0104982
34 0.0103918
34.1 0.0102854
34.2 0.010179
34.3 0.0100322
34.4 0.00987764
34.5 0.00972304
34.6 0.00956843
34.7 0.00941383
34.8 0.00925923
34.9 0.00910462
35 0.00895002
35.1 0.00879542
35.2 0.00864081
35.3 0.00848621
35.4 0.00833161
35.5 0.008177
35.6 0.0080224
35.7 0.00786779
35.8 0.00771319
35.9 0.00755859
36 0.00740398
36.1 0.00724938
36.2 0.00709478
36.3 0.00694017
36.4 0.00678557
36.5 0.00663097
36.6 0.00647636
36.7 0.00632176
36.8 0.00616716
36.9 0.00601255
37 0.00585795
37.1 0.00570335
37.2 0.00554874
37.3 0.00539414
37.4 0.00523954
37.5 0.00508493
37.6 0.00495813
37.7 0.00493655
37.8 0.00491497
37.9 0.00489339
38 0.0048718
38.1 0.00485022
38.2 0.00482864
38.3 0.00480706
38.4 0.00478548
38.5 0.0047639
38.6 0.00474232
38.7 0.00472074
38.8 0.00469915
38.9 0.00467757
39 0.00465599
39.1 0.00463441
39.2 0.00461283
39.3 0.00459125
39.4 0.00456967
39.5 0.00454809
39.6 0.00452651
39.7 0.00450492
39.8 0.00448334
39.9 0.00446176
40 0.00444018
40.1 0.0044186
40.2 0.00439702
40.3 0.00437544
40.4 0.00435386
40.5 0.00433228
40.6 0.00431069
40.7 0.00428911
40.8 0.00426753
40.9 0.00424595
41 0.00422437
41.1 0.00420279
41.2 0.00418121
41.3 0.00412442
41.4 0.00406469
41.5 0.00400497
41.6 0.00394524
41.7 0.00388552
41.8 0.0038258
41.9 0.00376607
42 0.00370635
42.1 0.00364663
42.2 0.0035869
42.3 0.00352718
42.4 0.00346745
42.5 0.00340773
42.6 0.00334801
42.7 0.00328828
42.8 0.00322856
42.9 0.00316883
43 0.00310911
43.1 0.00304939
43.2 0.00298966
43.3 0.00292994
43.4 0.00287022
43.5 0.00281049
43.6 0.00275077
43.7 0.00269104
43.8 0.00263132
43.9 0.0025716
44 0.00251187
44.1 0.00245215
44.2 0.00239242
44.3 0.0023327
44.4 0.00235081
44.5 0.00237562
44.6 0.00240044
44.7 0.00242525
44.8 0.00245007
44.9 0.00247488
45 0.00249969
45.1 0.00252451
45.2 0.00254932
45.3 0.00257414
45.4 0.00259895
45.5 0.00262376
45.6 0.00264858
45.7 0.00267339
45.8 0.00269821
45.9 0.00272302
46 0.00274783
46.1 0.00277265
46.2 0.00279746
46.3 0.00282228
46.4 0.00284709
46.5 0.0028719
46.6 0.00289672
46.7 0.00292153
46.8 0.00294635
46.9 0.00297116
47 0.00299597
47.1 0.00302079
47.2 0.0030456
47.3 0.00307042
47.4 0.00309523
47.5 0.00312004
47.6 0.00314486
47.7 0.00316967
47.8 0.00314528
47.9 0.00309656
48 0.00304785
48.1 0.00299913
48.2 0.00295041
48.3 0.0029017
48.4 0.00285298
48.5 0.00280427
48.6 0.00275555
48.7 0.00270684
48.8 0.00265812
48.9 0.0026094
49 0.00256069
49.1 0.00251197
49.2 0.00246326
49.3 0.00241454
49.4 0.00236583
49.5 0.00231711
49.6 0.00226839
49.7 0.00221968
49.8 0.00217096
49.9 0.00212225
50 0.00207353
50.1 0.00202482
50.2 0.0019761
50.3 0.00192739
50.4 0.00187867
50.5 0.00182995
50.6 0.00178124
50.7 0.00173252
50.8 0.00173159
50.9 0.00174109
51 0.0017506
51.1 0.0017601
51.2 0.00176961
51.3 0.00177911
51.4 0.00178862
51.5 0.00179813
51.6 0.00180763
51.7 0.00181714
51.8 0.00182664
51.9 0.00183615
52 0.00184565
52.1 0.00185516
52.2 0.00186466
52.3 0.00187417
52.4 0.00188367
52.5 0.00189318
52.6 0.00190268
52.7 0.00191219
52.8 0.00192169
52.9 0.0019312
53 0.00194071
53.1 0.00195021
53.2 0.00195972
53.3 0.00196922
53.4 0.00197873
53.5 0.00198823
53.6 0.00199774
53.7 0.00200724
53.8 0.00201675
53.9 0.00202625
54 0.00203576
54.1 0.00204526
54.2 0.00205477
54.3 0.00206454
54.4 0.0020759
54.5 0.00208727
54.6 0.00209863
54.7 0.00211
54.8 0.00212136
54.9 0.00213273
55 0.0021441
55.1 0.00215546
55.2 0.00216683
55.3 0.00217819
55.4 0.00218956
55.5 0.00220092
55.6 0.00221229
55.7 0.00222365
55.8 0.00223502
55.9 0.00224638
56 0.00225775
56.1 0.00226911
56.2 0.00228048
56.3 0.00229184
56.4 0.00230321
56.5 0.00231457
56.6 0.00232594
56.7 0.0023373
56.8 0.00234867
56.9 0.00236003
57 0.00235281
57.1 0.00234527
57.2 0.00233772
57.3 0.00233017
57.4 0.00232262
57.5 0.00231508
57.6 0.00230753
57.7 0.00229998
57.8 0.00229244
57.9 0.00228489
58 0.00227734
58.1 0.00226979
58.2 0.00226225
58.3 0.0022547
58.4 0.00224715
58.5 0.00223961
58.6 0.00223206
58.7 0.00222451
58.8 0.00221697
58.9 0.00220942
59 0.00220187
59.1 0.00219432
59.2 0.00218678
59.3 0.00217923
59.4 0.00217168
59.5 0.00216414
59.6 0.00215659
59.7 0.00214904
59.8 0.00214149
59.9 0.00213395
60 0.0021264
60.1 0.00211885
60.2 0.00211131
60.3 0.00210376
60.4 0.00209621
60.5 0.00208867
60.6 0.00208112
60.7 0.00207357
60.8 0.00206602
60.9 0.00205766
61 0.00204497
61.1 0.00203229
61.2 0.0020196
61.3 0.00200691
61.4 0.00199423
61.5 0.00198154
61.6 0.00196886
61.7 0.00195617
61.8 0.00194349
61.9 0.0019308
62 0.00191811
62.1 0.00190543
62.2 0.00189274
62.3 0.00188006
62.4 0.00186737
62.5 0.00185469
62.6 0.001842
62.7 0.00182931
62.8 0.00181663
62.9 0.00180394
63 0.00179126
63.1 0.00177857
63.2 0.00176589
63.3 0.0017532
63.4 0.00174051
63.5 0.00172783
63.6 0.00171514
63.7 0.00170246
63.8 0.00168977
63.9 0.00167709
64 0.0016644
64.1 0.00164207
64.2 0.00161319
64.3 0.00158431
64.4 0.00155542
64.5 0.00152654
64.6 0.00149766
64.7 0.00146877
64.8 0.00143989
64.9 0.00141101
65 0.00138213
65.1 0.00135324
65.2 0.00132436
65.3 0.00129548
65.4 0.00126659
65.5 0.00123771
65.6 0.00120883
65.7 0.00117995
65.8 0.00115106
65.9 0.00112218
66 0.0010933
66.1 0.00106441
66.2 0.00103553
66.3 0.00100665
66.4 0.000977766
66.5 0.000948883
66.6 0.00092
66.7 0.000891118
66.8 0.000862235
66.9 0.000833352
67 0.000804469
67.1 0.000775586
67.2 0.000746703
67.3 0.000717821
67.4 0.000700849
67.5 0.000684462
67.6 0.000668075
67.7 0.000651687
67.8 0.0006353
67.9 0.000618913
68 0.000602526
68.1 0.000586139
68.2 0.000569752
68.3 0.000553365
68.4 0.000536978
68.5 0.000520591
68.6 0.000504204
68.7 0.000487817
68.8 0.00047143
68.9 0.000455043
69 0.000438656
69.1 0.000422269
69.2 0.000405881
69.3 0.000389494
69.4 0.000373107
69.5 0.00035672
69.6 0.000340333
69.7 0.000323946
69.8 0.000314273
69.9 0.000306631
70 0.00029899
70.1 0.000291348
70.2 0.000283707
70.3 0.000276066
70.4 0.000268424
70.5 0.000260783
70.6 0.000253141
70.7 0.0002455
70.8 0.000237858
70.9 0.000230217
71 0.000222575
71.1 0.000214934
71.2 0.000207293
71.3 0.000199651
71.4 0.000193113
71.5 0.000189029
71.6 0.000184945
71.7 0.000180862
71.8 0.000176778
71.9 0.000172694
72 0.000168611
72.1 0.000164527
72.2 0.000160443
72.3 0.00015636
72.4 0.000152276
72.5 0.000148192
72.6 0.000144109
72.7 0.000140025
72.8 0.000135941
72.9 0.000131858
73 0.000127774
73.1 0.00012369
73.2 0.000119607
73.3 0.000115523
73.4 0.000111439
73.5 0.000107356
73.6 0.000103272
73.7 9.91884e-05
73.8 9.51047e-05
73.9 9.10211e-05
74 8.69374e-05
74.1 8.28537e-05
74.2 7.87701e-05
74.3 7.46864e-05
74.4 7.06028e-05
74.5 6.65191e-05
74.6 6.24355e-05
74.7 5.83518e-05
74.8 5.42681e-05
74.9 5.01845e-05
75 4.61008e-05
75.1 4.20172e-05
75.2 3.79335e-05
75.3 3.38498e-05
75.4 2.97662e-05
75.5 2.56825e-05
75.6 2.15989e-05
75.7 1.75152e-05
75.8 1.34316e-05
75.9 9.3479e-06
76 5.26424e-06
76.1 1.18058e-06
76.2 0
76.3 0
76.4 0
76.5 0
76.6 0
76.7 0
76.8 0
76.9 0
77 0
77.1 0
77.2 0
77.3 0
77.4 0
77.5 0
77.6 0
77.7 0
77.8 0
77.9 0
78 0
78.1 0
78.2 0
78.3 0
78.4 0
78.5 0
78.6 0
78.7 0
78.8 0
78.9 0
79 0
79.1 0
79.2 0
79.3 0
79.4 0
79.5 0
79.6 0
79.7 0
79.8 0
79.9 0
80 0
80.1 0
80.2 0
80.3 0
80.4 0
80.5 0
80.6 0
80.7 0
80.8 0
80.9 0
81 0
81.1 0
81.2 0
81.3 0
81.4 0
81.5 0
81.6 0
81.7 0
81.8 0
81.9 0
82 0
82.1 0
82.2 0
82.3 0
82.4 0
82.5 0
82.6 0
82.7 0
82.8 0
82.9 0
83 0
83.1 0
83.2 0
83.3 0
83.4 0
83.5 0
83.6 0
83.7 0
83.8 0
83.9 0
84 0
84.1 0
84.2 0
84.3 0
84.4 0
84.5 0
84.6 0
84.7 0
84.8 0
84.9 0
85 0
85.1 0
85.2 0
85.3 0
85.4 0
85.5 0
85.6 0
85.7 0
85.8 0
85.9 0
86 0
86.1 0
86.2 0
86.3 0
86.4 0
86.5 0
86.6 0
86.7 0
86.8 0
86.9 0
87 0
87.1 0
87.2 0
87.3 0
87.4 0
87.5 0
87.6 0
87.7 0
87.8 0
87.9 0
88 0
88.1 0
88.2 0
88.3 0
88.4 0
88.5 0
88.6 0
88.7 0
88.8 0
88.9 0
89 0
89.1 0
89.2 0
89.3 0
89.4 0
89.5 0
89.6 0
89.7 0
89.8 0
89.9 0
90 0
90.1 0
90.2 0
90.3 0
90.4 0
90.5 0
90.6 0
90.7 0
90.8 0
90.9 0
91 0
91.1 0
91.2 0
91.3 0
91.4 0
91.5 0
91.6 0
91.7 0
91.8 0
91.9 0
92 0
92.1 0
92.2 0
92.3 0
92.4 0
92.5 0
92.6 0
92.7 0
92.8 0
92.9 0
93 0
93.1 0
93.2 0
93.3 0
93.4 0
93.5 0
93.6 0
93.7 0
93.8 0
93.9 0
94 0
94.1 0
94.2 0
94.3 0
94.4 0
94.5 0
94.6 0
94.7 0
94.8 0
94.9 0
95 0
95.1 0
95.2 0
95.3 0
95.4 0
95.5 0
95.6 0
95.7 0
95.8 0
95.9 0
96 0
96.1 0
96.2 0
96.3 0
96.4 0
96.5 0
96.6 0
96.7 0
96.8 0
96.9 0
97 0
97.1 0
97.2 0
97.3 0
97.4 0
97.5 0
97.6 0
97.7 0
97.8 0
97.9 0
98 0
98.1 0
98.2 0
98.3 0
98.4 0
98.5 0
98.6 0
98.7 0
98.8 0
98.9 0
99 0
99.1 0
99.2 0
99.3 0
99.4 0
99.5 0
99.6 0
99.7 0
99.8 0
99.9 0
100 0
100.1 0
100.2 0
100.3 0
100.4 0
100.5 0
100.6 0
100.7 0
100.8 0
100.9 0
101 0
101.1 0
101.2 0
101.3 0
101.4 0
101.5 0
101.6 0
101.7 0
101.8 0
101.9 0
102 0
102.1 0
102.2 0
102.3 0
102.4 0
102.5 0
102.6 0
102.7 0
102.8 0
102.9 0
103 0
103.1 0
103.2 0
103.3 0
103.4 0
103.5 0
103.6 0
103.7 0
103.8 0
103.9 0
104 0
104.1 0
104.2 0
104.3 0
104.4 0
104.5 0
104.6 0
104.7 0
104.8 0
104.9 0
105 0
105.1 0
105.2 0
105.3 0
105.4 0
105.5 0
105.6 0
105.7 0
105.8 0
105.9 0
106 0
106.1 0
106.2 0
106.3 0
106.4 0
106.5 0
106.6 0
106.7 0
106.8 0
106.9 0
107 0
107.1 0
107.2 0
107.3 0
107.4 0
107.5 0
107.6 0
107.7 0
107.8 0
107.9 0
108 0
108.1 0
108.2 0
108.3 0
108.4 0
108.5 0
108.6 0
108.7 0
108.8 0
108.9 0
109 0
109.1 0
109.2 0
109.3 0
109.4 0
109.5 0
109.6 0
109.7 0
109.8 0
109.9 0
110 0
110.1 0
110.2 0
110.3 0
110.4 0
110.5 0
110.6 0
110.7 0
110.8 0
110.9 0
111 0
111.1 0
111.2 0
111.3 0
111.4 0
111.5 0
111.6 0
111.7 0
111.8 0
111.9 0
112 0
112.1 0
112.2 0
112.3 0
112.4 0
112.5 0
112.6 0
112.7 0
112.8 0
112.9 0
113 0
113.1 0
113.2 0
113.3 0
113.4 0
113.5 0
113.6 0
113.7 0
113.8 0
113.9 0
114 0
114.1 0
114.2 0
114.3 0
114.4 0
114.5 0
114.6 0
114.7 0
114.8 0
114.9 0
115 0
115.1 0
115.2 0
115.3 0
115.4 0
115.5 0
115.6 0
115.7 0
115.8 0
115.9 0
116 0
116.1 0
116.2 0
116.3 0
116.4 0
116.5 0
116.6 0
116.7 0
116.8 0
116.9 0
117 0
117.1 0
117.2 0
117.3 0
117.4 0
117.5 0
117.6 0
117.7 0
117.8 0
117.9 0
118 0
118.1 0
118.2 0
118.3 0
118.4 0
118.5 0
118.6 0
118.7 0
118.8 0
118.9 0
119 0
119.1 0
119.2 0
119.3 0
119.4 0
119.5 0
119.6 0
119.7 0
119.8 0
119.9 0
120 0
120.1 0
120.2 0
120.3 0
120.4 0
120.5 0
120.6 0
120.7 0
120.8 0
120.9 0
121 0
121.1 0
121.2 0
121.3 0
121.4 0
121.5 0
121.6 0
121.7 0
121.8 0
121.9 0
122 0
122.1 0
122.2 0
122.3 0
122.4 0
122.5 0
122.6 0
122.7 0
122.8 0
122.9 0
123 0
123.1 0
123.2 0
123.3 0
123.4 0
123.5 0
123.6 0
123.7 0
123.8 0
123.9 0
124 0
124.1 0
124.2 0
124.3 0
124.4 0
124.5 0
124.6 0
124.7 0
124.8 0
124.9 0
125 0
125.1 0
125.2 0
125.3 0
125.4 0
125.5 0
125.6 0
125.7 0
125.8 0
125.9 0
126 0
126.1 0
126.2 0
126.3 0
126.4 0
126.5 0
126.6 0
126.7 0
126.8 0
126.9 0
127 0
127.1 0
127.2 0
127.3 0
127.4 0
127.5 0
127.6 0
127.7 0
127.8 0
127.9 0
128 0
128.1 0
128.2 0
128.3 0
128.4 0
128.5 0
128.6 0
128.7 0
128.8 0
128.9 0
129 0
129.1 0
129.2 0
129.3 0
129.4 0
129.5 0
129.6 0
129.7 0
129.8 0
129.9 0
130 0
130.1 0
130.2 0
130.3 0
130.4 0
130.5 0
130.6 0
130.7 0
130.8 0
130.9 0
131 0
131.1 0
131.2 0
131.3 0
131.4 0
131.5 0
131.6 0
131.7 0
131.8 0
131.9 0
132 0
132.1 0
132.2 0
132.3 0
132.4 0
132.5 0
132.6 0
132.7 0
132.8 0
132.9 0
133 0
133.1 0
133.2 0
133.3 0
133.4 0
133.5 0
133.6 0
133.7 0
133.8 0
133.9 0
134 0
134.1 0
134.2 0
134.3 0
134.4 0
134.5 0
134.6 0
134.7 0
134.8 0
134.9 0
135 0
135.1 0
135.2 0
135.3 0
135.4 0
135.5 0
135.6 0
135.7 0
135.8 0
135.9 0
136 0
136.1 0
136.2 0
136.3 0
136.4 0
136.5 0
136.6 0
136.7 0
136.8 0
136.9 0
137 0
137.1 0
137.2 0
137.3 0
137.4 0
137.5 0
137.6 0
137.7 0
137.8 0
137.9 0
138 0
138.1 0
138.2 0
138.3 0
138.4 0
138.5 0
138.6 0
138.7 0
138.8 0
138.9 0
139 0
139.1 0
139.2 0
139.3 0
139.4 0
139.5 0
139.6 0
139.7 0
139.8 0
139.9 0
140 0
140.1 0
140.2 0
140.3 0
140.4 0
140.5 0
140.6 0
140.7 0
140.8 0
140.9 0
141 0
141.1 0
141.2 0
141.3 0
141.4 0
141.5 0
141.6 0
141.7 0
141.8 0
141.9 0
142 0
142.1 0
142.2 0
142.3 0
142.4 0
142.5 0
142.6 0
142.7 0
142.8 0
142.9 0
143 0
143.1 0
143.2 0
143.3 0
143.4 0
143.5 0
143.6 0
143.7 0
143.8 0
143.9 0
144 0
144.1 0
144.2 0
144.3 0
144.4 0
144.5 0
144.6 0
144.7 0
144.8 0
144.9 0
145 0
145.1 0
145.2 0
145.3 0
145.4 0
145.5 0
145.6 0
145.7 0
145.8 0
145.9 0
146 0
146.1 0
146.2 0
146.3 0
146.4 0
146.5 0
146.6 0
146.7 0
146.8 0
146.9 0
147 0
147.1 0
147.2 0
147.3 0
147.4 0
147.5 0
147.6 0
147.7 0
147.8 0
147.9 0
148 0
148.1 0
148.2 0
148.3 0
148.4 0
148.5 0
148.6 0
148.7 0
148.8 0
148.9 0
149 0
149.1 0
149.2 0
149.3 0
149.4 0
149.5 0
149.6 0
149.7 0
149.8 0
149.9 0
150 0
150.1 0
150.2 0
150.3 0
150.4 0
150.5 0
150.6 0
150.7 0
150.8 0
150.9 0
151 0
151.1 0
151.2 0
151.3 0
151.4 0
151.5 0
151.6 0
151.7 0
151.8 0
151.9 0
152 0
152.1 0
152.2 0
152.3 0
152.4 0
152.5 0
152.6 0
152.7 0
152.8 0
152.9 0
153 0
153.1 0
153.2 0
153.3 0
153.4 0
153.5 0
153.6 0
153.7 0
153.8 0
153.9 0
154 0
154.1 0
154.2 0
154.3 0
154.4 0
154.5 0
154.6 0
154.7 0
154.8 0
154.9 0
155 0
155.1 0
155.2 0
155.3 0
155.4 0
155.5 0
155.6 0
155.7 0
155.8 0
155.9 0
156 0
156.1 0
156.2 0
156.3 0
156.4 0
156.5 0
156.6 0
156.7 0
156.8 0
156.9 0
157 0
157.1 0
157.2 0
157.3 0
157.4 0
157.5 0
157.6 0
157.7 0
157.8 0
157.9 0
158 0
158.1 0
158.2 0
158.3 0
158.4 0
158.5 0
158.6 0
158.7 0
158.8 0
158.9 0
159 0
159.1 0
159.2 0
159.3 0
159.4 0
159.5 0
159.6 0
159.7 0
159.8 0
159.9 0
160 0
160.1 0
160.2 0
160.3 0
160.4 0
160.5 0
160.6 0
160.7 0
160.8 0
160.9 0
161 0
161.1 0
161.2 0
161.3 0
161.4 0
161.5 0
161.6 0
161.7 0
161.8 0
161.9 0
162 0
162.1 0
162.2 0
162.3 0
162.4 0
162.5 0
162.6 0
162.7 0
162.8 0
162.9 0
163 0
163.1 0
163.2 0
163.3 0
163.4 0
163.5 0
163.6 0
163.7 0
163.8 0
163.9 0
164 0
164.1 0
164.2 0
164.3 0
164.4 0
164.5 0
164.6 0
164.7 0
164.8 0
164.9 0
165 0
165.1 0
165.2 0
165.3 0
165.4 0
165.5 0
165.6 0
165.7 0
165.8 0
165.9 0
166 0
166.1 0
166.2 0
166.3 0
166.4 0
166.5 0
166.6 0
166.7 0
166.8 0
166.9 0
167 0
167.1 0
167.2 0
167.3 0
167.4 0
167.5 0
167.6 0
167.7 0
167.8 0
167.9 0
168 0
168.1 0
168.2 0
168.3 0
168.4 0
168.5 0
168.6 0
168.7 0
168.8 0
168.9 0
169 0
169.1 0
169.2 0
169.3 0
169.4 0
169.5 0
169.6 0
169.7 0
169.8 0
169.9 0
170 0
170.1 0
170.2 0
170.3 0
170.4 0
170.5 0
170.6 0
170.7 0
170.8 0
170.9 0
171 0
171.1 0
171.2 0
171.3 0
171.4 0
171.5 0
171.6 0
171.7 0
171.8 0
171.9 0
172 0
172.1 0
172.2 0
172.3 0
172.4 0
172.5 0
172.6 0
172.7 0
172.8 0
172.9 0
173 0
173.1 0
173.2 0
173.3 0
173.4 0
173.5 0
173.6 0
173.7 0
173.8 0
173.9 0
174 0
174.1 0
174.2 0
174.3 0
174.4 0
174.5 0
174.6 0
174.7 0
174.8 0
174.9 0
175 0
175.1 0
175.2 0
175.3 0
175.4 0
175.5 0
175.6 0
175.7 0
175.8 0
175.9 0
176 0
176.1 0
176.2 0
176.3 0
176.4 0
176.5 0
176.6 0
176.7 0
176.8 0
176.9 0
177 0
177.1 0
177.2 0
177.3 0
177.4 0
177.5 0
177.6 0
177.7 0
177.8 0
177.9 0
178 0
178.1 0
178.2 0
178.3 0
178.4 0
178.5 0
178.6 0
178.7 0
178.8 0
178.9 0
179 0
179.1 0
179.2 0
179.3 0
179.4 0
179.5 0
179.6 0
179.7 0
179.8 0
179.9 0
