0                   1.8
12.446808510638299  1.5835848412987399
15.000000000000007  1.3472211422500326
20.106382978723403  1.0072901879683631
22.97872340425532  0.8432219968850934
28.085106382978722  0.4940297414873264
30.31914893617021  0.4412467148398291
31.276595744680847  0.40037770495433744
32.234042553191486  0.3349320990129772
34.468085106382986  0.23441241818221303
35.1063829787234  0.1867396403963113
37.97872340425532  0.20946395398464787
40.851063829787236  0.20968142284337032
43.404255319148945  0.24294237184983097
46.27659574468086  0.31544145989207506
49.14893617021278  0.3655208536663349
51.38297872340425  0.39679316832683914
54.25531914893618  0.42389281580296906
56.808510638297875  0.45279106995411167
59.36170212765958  0.45320890808289893
62.2340425531915  0.411516522351237
64.7872340425532  0.3444486821856684
67.0212765957447  0.29780522375330076
70.21276595744682  0.27937775926396424
73.72340425531917  0.2377604438583653
77.55319148936172  0.18962528069088108
81.06382978723404  0.13941236094684484
82.97872340425532  0.16956076112024285
85.53191489361703  0.19645752551949042
88.08510638297874  0.2678027377954517
89.68085106382979  0.3532567997185675
92.55319148936171  0.4228677078332748
