0 0
0.1 0
0.2 0
0.3 0
0.4 0
0.5 0
0.6 0
0.7 0
0.8 0
0.9 0
1 0
1.1 0
1.2 0
1.3 0
1.4 0
1.5 0
1.6 0
1.7 0
1.8 0
1.9 0
2 0
2.1 0
2.2 0
2.3 0
2.4 0
2.5 0
2.6 0
2.7 0
2.8 0
2.9 0
3 0
3.1 0
3.2 0
3.3 0
3.4 0
3.5 0
3.6 0
3.7 0
3.8 0
3.9 0
4 0
4.1 0
4.2 0
4.3 0
4.4 0
4.5 0
4.6 0
4.7 0
4.8 0
4.9 0
5 0
5.1 0
5.2 0
5.3 0
5.4 0
5.5 0
5.6 0
5.7 0
5.8 0
5.9 0
6 0
6.1 0
6.2 0
6.3 0
6.4 0
6.5 0
6.6 0
6.7 0
6.8 0
6.9 0
7 0
7.1 0
7.2 0
7.3 0
7.4 0
7.5 0
7.6 0
7.7 0
7.8 0
7.9 0
8 0
8.1 0
8.2 0
8.3 0
8.4 0
8.5 0
8.6 0
8.7 0
8.8 0
8.9 0
9 0
9.1 0
9.2 0
9.3 0
9.4 0
9.5 0
9.6 0
9.7 0
9.8 0
9.9 0
10 1646.87
10.1 1643.22
10.2 1639.58
10.3 1635.93
10.4 1632.29
10.5 1628.64
10.6 1625
10.7 1621.35
10.8 1617.71
10.9 1614.06
11 1610.42
11.1 1606.77
11.2 1603.13
11.3 1599.48
11.4 1595.84
11.5 1592.19
11.6 1588.55
11.7 1584.9
11.8 1581.26
11.9 1577.61
12 1573.97
12.1 1570.32
12.2 1566.68
12.3 1563.03
12.4 1559.39
12.5 1555.74
12.6 1552.1
12.7 1548.45
12.8 1544.81
12.9 1541.16
13 1537.52
13.1 1533.87
13.2 1530.23
13.3 1526.58
13.4 1522.94
13.5 1519.29
13.6 1515.65
13.7 1512
13.8 1508.36
13.9 1504.71
14 1501.07
14.1 1497.42
14.2 1493.78
14.3 1490.13
14.4 1486.49
14.5 1482.84
14.6 1479.2
14.7 1475.55
14.8 1471.45
14.9 1465.93
15 1460.41
15.1 1454.9
15.2 1449.38
15.3 1443.86
15.4 1438.35
15.5 1432.83
15.6 1427.31
15.7 1421.8
15.8 1416.28
15.9 1410.76
16 1405.25
16.1 1399.73
16.2 1394.21
16.3 1388.69
16.4 1383.18
16.5 1377.66
16.6 1372.14
16.7 1366.63
16.8 1361.11
16.9 1355.59
17 1350.08
17.1 1344.56
17.2 1339.04
17.3 1333.53
17.4 1328.01
17.5 1322.49
17.6 1316.98
17.7 1311.46
17.8 1305.94
17.9 1300.43
18 1294.91
18.1 1289.39
18.2 1283.88
18.3 1278.36
18.4 1272.84
18.5 1267.32
18.6 1261.81
18.7 1256.29
18.8 1250.77
18.9 1245.26
19 1239.74
19.1 1234.22
19.2 1228.71
19.3 1223.19
19.4 1217.67
19.5 1212.16
19.6 1206.64
19.7 1201.12
19.8 1195.61
19.9 1190.09
20 1184.57
20.1 1179.06
20.2 1173.54
20.3 1168.02
20.4 1162.51
20.5 1156.99
20.6 1151.47
20.7 1145.95
20.8 1140.44
20.9 1134.92
21 1129.4
21.1 1123.89
21.2 1118.37
21.3 1112.85
21.4 1107.34
21.5 1101.82
21.6 1096.3
21.7 1090.79
21.8 1085.27
21.9 1079.75
22 1074.24
22.1 1068.72
22.2 1063.2
22.3 1057.69
22.4 1052.17
22.5 1046.65
22.6 1041.14
22.7 1035.62
22.8 1030.1
22.9 1024.59
23 1019.07
23.1 1013.55
23.2 1008.03
23.3 1002.52
23.4 997.001
23.5 991.484
23.6 985.967
23.7 980.451
23.8 974.934
23.9 969.417
24 963.9
24.1 958.383
24.2 952.866
24.3 947.35
24.4 941.833
24.5 936.316
24.6 930.799
24.7 925.282
24.8 919.766
24.9 914.249
25 908.732
25.1 903.215
25.2 897.698
25.3 892.182
25.4 886.665
25.5 881.148
25.6 875.631
25.7 870.114
25.8 864.597
25.9 859.081
26 853.564
26.1 848.047
26.2 843.041
26.3 839.597
26.4 836.154
26.5 832.71
26.6 829.266
26.7 825.822
26.8 822.379
26.9 818.935
27 815.491
27.1 812.047
27.2 808.604
27.3 805.16
27.4 801.716
27.5 798.272
27.6 794.829
27.7 791.385
27.8 787.941
27.9 784.497
28 781.053
28.1 777.61
28.2 774.166
28.3 770.722
28.4 767.278
28.5 763.835
28.6 760.391
28.7 756.947
28.8 753.503
28.9 750.06
29 746.616
29.1 743.172
29.2 739.728
29.3 736.285
29.4 732.841
29.5 729.397
29.6 725.953
29.7 722.51
29.8 719.066
29.9 715.622
30 712.178
30.1 708.735
30.2 705.291
30.3 701.847
30.4 698.403
30.5 694.96
30.6 691.516
30.7 688.072
30.8 684.628
30.9 681.185
31 677.741
31.1 674.297
31.2 670.853
31.3 667.41
31.4 663.966
31.5 660.522
31.6 657.078
31.7 653.635
31.8 650.191
31.9 646.747
32 643.303
32.1 639.86
32.2 636.416
32.3 632.972
32.4 629.528
32.5 626.085
32.6 622.641
32.7 619.197
32.8 615.753
32.9 612.31
33 608.866
33.1 605.422
33.2 601.978
33.3 598.535
33.4 595.091
33.5 591.647
33.6 588.203
33.7 584.76
33.8 581.568
33.9 579.15
34 576.731
34.1 574.312
34.2 571.893
34.3 569.475
34.4 567.056
34.5 564.637
34.6 562.218
34.7 559.799
34.8 557.381
34.9 554.962
35 552.543
35.1 550.124
35.2 547.706
35.3 545.287
35.4 542.868
35.5 540.449
35.6 538.03
35.7 535.612
35.8 533.193
35.9 530.774
36 528.355
36.1 525.937
36.2 523.518
36.3 521.099
36.4 518.68
36.5 516.262
36.6 513.843
36.7 511.424
36.8 509.005
36.9 506.586
37 504.168
37.1 501.749
37.2 499.33
37.3 496.911
37.4 494.493
37.5 492.074
37.6 489.655
37.7 487.236
37.8 484.818
37.9 482.399
38 479.98
38.1 477.561
38.2 475.142
38.3 472.724
38.4 470.305
38.5 467.886
38.6 465.467
38.7 463.049
38.8 460.63
38.9 458.211
39 455.792
39.1 453.373
39.2 450.955
39.3 448.536
39.4 446.117
39.5 443.698
39.6 441.28
39.7 438.861
39.8 436.442
39.9 434.023
40 431.605
40.1 429.186
40.2 426.767
40.3 424.4
40.4 422.465
40.5 420.53
40.6 418.594
40.7 416.659
40.8 414.724
40.9 412.788
41 410.853
41.1 408.918
41.2 406.982
41.3 405.047
41.4 403.112
41.5 401.176
41.6 399.241
41.7 397.306
41.8 395.37
41.9 393.435
42 391.5
42.1 389.565
42.2 387.629
42.3 385.694
42.4 383.759
42.5 381.823
42.6 379.888
42.7 377.953
42.8 376.017
42.9 374.082
43 372.147
43.1 370.211
43.2 368.276
43.3 366.341
43.4 364.405
43.5 362.47
43.6 360.535
43.7 358.599
43.8 356.664
43.9 354.729
44 352.793
44.1 350.858
44.2 348.923
44.3 346.987
44.4 345.052
44.5 343.117
44.6 341.181
44.7 339.246
44.8 337.311
44.9 335.375
45 333.44
45.1 331.505
45.2 329.57
45.3 327.634
45.4 325.699
45.5 323.764
45.6 321.828
45.7 319.893
45.8 317.958
45.9 316.022
46 314.087
46.1 312.152
46.2 310.216
46.3 308.281
46.4 306.346
46.5 304.41
46.6 302.475
46.7 300.54
46.8 298.604
46.9 298.07
47 297.672
47.1 297.274
47.2 296.876
47.3 296.478
47.4 296.081
47.5 295.683
47.6 295.285
47.7 294.887
47.8 294.489
47.9 294.091
48 293.693
48.1 293.295
48.2 292.898
48.3 292.5
48.4 292.102
48.5 291.704
48.6 291.306
48.7 290.908
48.8 290.51
48.9 290.112
49 289.714
49.1 289.317
49.2 288.919
49.3 288.521
49.4 288.123
49.5 287.725
49.6 287.327
49.7 286.929
49.8 286.531
49.9 286.133
50 285.736
50.1 285.338
50.2 284.94
50.3 284.542
50.4 284.144
50.5 283.746
50.6 283.348
50.7 282.95
50.8 282.552
50.9 282.155
51 281.757
51.1 281.359
51.2 280.961
51.3 280.563
51.4 280.165
51.5 279.767
51.6 279.369
51.7 278.971
51.8 278.574
51.9 278.176
52 277.778
52.1 277.38
52.2 276.982
52.3 277.016
52.4 277.087
52.5 277.158
52.6 277.229
52.7 277.299
52.8 277.37
52.9 277.441
53 277.511
53.1 277.582
53.2 277.653
53.3 277.723
53.4 277.794
53.5 277.865
53.6 277.935
53.7 278.006
53.8 278.077
53.9 278.147
54 278.218
54.1 278.289
54.2 278.359
54.3 278.43
54.4 278.501
54.5 278.572
54.6 278.642
54.7 278.713
54.8 278.784
54.9 278.854
55 278.925
55.1 278.996
55.2 279.066
55.3 279.137
55.4 279.208
55.5 279.278
55.6 279.349
55.7 279.42
55.8 279.49
55.9 279.561
56 279.632
56.1 279.702
56.2 279.773
56.3 279.844
56.4 279.914
56.5 279.985
56.6 280.056
56.7 280.127
56.8 280.197
56.9 280.268
57 280.339
57.1 280.409
57.2 280.48
57.3 280.551
57.4 280.621
57.5 280.692
57.6 280.763
57.7 280.833
57.8 280.904
57.9 280.975
58 281.045
58.1 281.116
58.2 281.187
58.3 281.257
58.4 281.328
58.5 281.399
58.6 281.47
58.7 281.54
58.8 281.611
58.9 281.682
59 281.752
59.1 281.823
59.2 281.894
59.3 281.986
59.4 282.081
59.5 282.175
59.6 282.27
59.7 282.364
59.8 282.459
59.9 282.553
60 282.648
60.1 282.742
60.2 282.837
60.3 282.932
60.4 283.026
60.5 283.121
60.6 283.215
60.7 283.31
60.8 283.404
60.9 283.499
61 283.593
61.1 283.688
61.2 283.782
61.3 283.877
61.4 283.971
61.5 284.066
61.6 284.161
61.7 284.255
61.8 284.35
61.9 284.444
62 284.539
62.1 284.633
62.2 284.728
62.3 284.822
62.4 284.917
62.5 285.011
62.6 285.106
62.7 285.2
62.8 285.295
62.9 285.39
63 285.484
63.1 285.579
63.2 285.673
63.3 285.768
63.4 285.862
63.5 285.957
63.6 286.051
63.7 286.146
63.8 286.24
63.9 286.335
64 286.429
64.1 286.524
64.2 286.619
64.3 286.713
64.4 286.808
64.5 286.902
64.6 286.971
64.7 286.706
64.8 286.442
64.9 286.177
65 285.913
65.1 285.648
65.2 285.384
65.3 285.119
65.4 284.855
65.5 284.59
65.6 284.326
65.7 284.061
65.8 283.797
65.9 283.532
66 283.268
66.1 283.003
66.2 282.739
66.3 282.474
66.4 282.21
66.5 281.946
66.6 281.681
66.7 281.417
66.8 281.152
66.9 280.888
67 280.623
67.1 280.359
67.2 280.094
67.3 279.83
67.4 279.565
67.5 279.301
67.6 279.036
67.7 278.772
67.8 278.507
67.9 278.243
68 277.978
68.1 277.714
68.2 277.449
68.3 277.185
68.4 276.92
68.5 276.656
68.6 276.391
68.7 276.127
68.8 275.862
68.9 275.598
69 275.333
69.1 275.069
69.2 274.804
69.3 274.54
69.4 274.276
69.5 274.011
69.6 273.747
69.7 273.482
69.8 273.218
69.9 272.953
70 272.689
70.1 272.424
70.2 272.16
70.3 271.895
70.4 271.631
70.5 271.366
70.6 271.074
70.7 270.772
70.8 270.47
70.9 270.168
71 269.866
71.1 269.564
71.2 269.262
71.3 268.96
71.4 268.658
71.5 268.356
71.6 268.054
71.7 267.752
71.8 267.45
71.9 267.148
72 266.846
72.1 266.544
72.2 266.242
72.3 265.94
72.4 265.638
72.5 265.336
72.6 265.034
72.7 264.732
72.8 264.43
72.9 264.128
73 263.826
73.1 263.524
73.2 263.222
73.3 262.92
73.4 262.618
73.5 262.316
73.6 262.014
73.7 261.712
73.8 261.41
73.9 261.108
74 260.806
74.1 260.504
74.2 260.202
74.3 259.9
74.4 259.598
74.5 259.296
74.6 258.994
74.7 258.692
74.8 258.39
74.9 258.088
75 257.786
75.1 257.484
75.2 257.182
75.3 256.88
75.4 256.578
75.5 256.276
75.6 255.974
75.7 255.672
75.8 255.37
75.9 255.068
76 254.766
76.1 254.464
76.2 254.162
76.3 253.86
76.4 253.558
76.5 253.256
76.6 252.954
76.7 252.652
76.8 252.35
76.9 252.048
77 251.746
77.1 251.376
77.2 251.003
77.3 250.631
77.4 250.258
77.5 249.886
77.6 249.513
77.7 249.141
77.8 248.768
77.9 248.396
78 248.023
78.1 247.651
78.2 247.278
78.3 246.905
78.4 246.533
78.5 246.16
78.6 245.788
78.7 245.415
78.8 245.043
78.9 244.67
79 244.298
79.1 243.925
79.2 243.553
79.3 243.18
79.4 242.808
79.5 242.435
79.6 242.063
79.7 241.69
79.8 241.317
79.9 240.945
80 240.572
80.1 240.2
80.2 239.827
80.3 239.455
80.4 239.082
80.5 238.71
80.6 238.337
80.7 237.965
80.8 237.592
80.9 237.22
81 236.847
81.1 236.475
81.2 236.102
81.3 235.73
81.4 235.357
81.5 234.984
81.6 234.612
81.7 234.239
81.8 233.867
81.9 233.433
82 232.89
82.1 232.347
82.2 231.803
82.3 231.26
82.4 230.717
82.5 230.174
82.6 229.631
82.7 229.088
82.8 228.545
82.9 228.002
83 227.459
83.1 226.916
83.2 226.372
83.3 225.829
83.4 225.286
83.5 224.743
83.6 224.2
83.7 223.657
83.8 223.114
83.9 222.571
84 222.028
84.1 221.484
84.2 220.941
84.3 220.398
84.4 219.855
84.5 219.312
84.6 218.769
84.7 218.226
84.8 217.683
84.9 217.14
85 216.597
85.1 216.053
85.2 215.51
85.3 214.967
85.4 214.424
85.5 213.881
85.6 213.338
85.7 212.795
85.8 212.252
85.9 211.709
86 211.165
86.1 210.622
86.2 210.079
86.3 209.536
86.4 208.993
86.5 208.45
86.6 207.907
86.7 207.364
86.8 206.821
86.9 206.278
87 205.734
87.1 205.191
87.2 204.648
87.3 204.105
87.4 203.562
87.5 203.019
87.6 202.476
87.7 201.933
87.8 201.39
87.9 200.535
88 199.634
88.1 198.733
88.2 197.833
88.3 196.932
88.4 196.031
88.5 195.13
88.6 194.229
88.7 193.328
88.8 192.427
88.9 191.526
89 190.625
89.1 189.724
89.2 188.824
89.3 187.923
89.4 187.022
89.5 186.121
89.6 185.22
89.7 184.319
89.8 183.418
89.9 182.517
90 181.616
90.1 0
90.2 0
90.3 0
90.4 0
90.5 0
90.6 0
90.7 0
90.8 0
90.9 0
91 0
91.1 0
91.2 0
91.3 0
91.4 0
91.5 0
91.6 0
91.7 0
91.8 0
91.9 0
92 0
92.1 0
92.2 0
92.3 0
92.4 0
92.5 0
92.6 0
92.7 0
92.8 0
92.9 0
93 0
93.1 0
93.2 0
93.3 0
93.4 0
93.5 0
93.6 0
93.7 0
93.8 0
93.9 0
94 0
94.1 0
94.2 0
94.3 0
94.4 0
94.5 0
94.6 0
94.7 0
94.8 0
94.9 0
95 0
95.1 0
95.2 0
95.3 0
95.4 0
95.5 0
95.6 0
95.7 0
95.8 0
95.9 0
96 0
96.1 0
96.2 0
96.3 0
96.4 0
96.5 0
96.6 0
96.7 0
96.8 0
96.9 0
97 0
97.1 0
97.2 0
97.3 0
97.4 0
97.5 0
97.6 0
97.7 0
97.8 0
97.9 0
98 0
98.1 0
98.2 0
98.3 0
98.4 0
98.5 0
98.6 0
98.7 0
98.8 0
98.9 0
99 0
99.1 0
99.2 0
99.3 0
99.4 0
99.5 0
99.6 0
99.7 0
99.8 0
99.9 0
100 0
100.1 0
100.2 0
100.3 0
100.4 0
100.5 0
100.6 0
100.7 0
100.8 0
100.9 0
101 0
101.1 0
101.2 0
101.3 0
101.4 0
101.5 0
101.6 0
101.7 0
101.8 0
101.9 0
102 0
102.1 0
102.2 0
102.3 0
102.4 0
102.5 0
102.6 0
102.7 0
102.8 0
102.9 0
103 0
103.1 0
103.2 0
103.3 0
103.4 0
103.5 0
103.6 0
103.7 0
103.8 0
103.9 0
104 0
104.1 0
104.2 0
104.3 0
104.4 0
104.5 0
104.6 0
104.7 0
104.8 0
104.9 0
105 0
105.1 0
105.2 0
105.3 0
105.4 0
105.5 0
105.6 0
105.7 0
105.8 0
105.9 0
106 0
106.1 0
106.2 0
106.3 0
106.4 0
106.5 0
106.6 0
106.7 0
106.8 0
106.9 0
107 0
107.1 0
107.2 0
107.3 0
107.4 0
107.5 0
107.6 0
107.7 0
107.8 0
107.9 0
108 0
108.1 0
108.2 0
108.3 0
108.4 0
108.5 0
108.6 0
108.7 0
108.8 0
108.9 0
109 0
109.1 0
109.2 0
109.3 0
109.4 0
109.5 0
109.6 0
109.7 0
109.8 0
109.9 0
110 0
110.1 0
110.2 0
110.3 0
110.4 0
110.5 0
110.6 0
110.7 0
110.8 0
110.9 0
111 0
111.1 0
111.2 0
111.3 0
111.4 0
111.5 0
111.6 0
111.7 0
111.8 0
111.9 0
112 0
112.1 0
112.2 0
112.3 0
112.4 0
112.5 0
112.6 0
112.7 0
112.8 0
112.9 0
113 0
113.1 0
113.2 0
113.3 0
113.4 0
113.5 0
113.6 0
113.7 0
113.8 0
113.9 0
114 0
114.1 0
114.2 0
114.3 0
114.4 0
114.5 0
114.6 0
114.7 0
114.8 0
114.9 0
115 0
115.1 0
115.2 0
115.3 0
115.4 0
115.5 0
115.6 0
115.7 0
115.8 0
115.9 0
116 0
116.1 0
116.2 0
116.3 0
116.4 0
116.5 0
116.6 0
116.7 0
116.8 0
116.9 0
117 0
117.1 0
117.2 0
117.3 0
117.4 0
117.5 0
117.6 0
117.7 0
117.8 0
117.9 0
118 0
118.1 0
118.2 0
118.3 0
118.4 0
118.5 0
118.6 0
118.7 0
118.8 0
118.9 0
119 0
119.1 0
119.2 0
119.3 0
119.4 0
119.5 0
119.6 0
119.7 0
119.8 0
119.9 0
120 0
120.1 0
120.2 0
120.3 0
120.4 0
120.5 0
120.6 0
120.7 0
120.8 0
120.9 0
121 0
121.1 0
121.2 0
121.3 0
121.4 0
121.5 0
121.6 0
121.7 0
121.8 0
121.9 0
122 0
122.1 0
122.2 0
122.3 0
122.4 0
122.5 0
122.6 0
122.7 0
122.8 0
122.9 0
123 0
123.1 0
123.2 0
123.3 0
123.4 0
123.5 0
123.6 0
123.7 0
123.8 0
123.9 0
124 0
124.1 0
124.2 0
124.3 0
124.4 0
124.5 0
124.6 0
124.7 0
124.8 0
124.9 0
125 0
125.1 0
125.2 0
125.3 0
125.4 0
125.5 0
125.6 0
125.7 0
125.8 0
125.9 0
126 0
126.1 0
126.2 0
126.3 0
126.4 0
126.5 0
126.6 0
126.7 0
126.8 0
126.9 0
127 0
127.1 0
127.2 0
127.3 0
127.4 0
127.5 0
127.6 0
127.7 0
127.8 0
127.9 0
128 0
128.1 0
128.2 0
128.3 0
128.4 0
128.5 0
128.6 0
128.7 0
128.8 0
128.9 0
129 0
129.1 0
129.2 0
129.3 0
129.4 0
129.5 0
129.6 0
129.7 0
129.8 0
129.9 0
130 0
130.1 0
130.2 0
130.3 0
130.4 0
130.5 0
130.6 0
130.7 0
130.8 0
130.9 0
131 0
131.1 0
131.2 0
131.3 0
131.4 0
131.5 0
131.6 0
131.7 0
131.8 0
131.9 0
132 0
132.1 0
132.2 0
132.3 0
132.4 0
132.5 0
132.6 0
132.7 0
132.8 0
132.9 0
133 0
133.1 0
133.2 0
133.3 0
133.4 0
133.5 0
133.6 0
133.7 0
133.8 0
133.9 0
134 0
134.1 0
134.2 0
134.3 0
134.4 0
134.5 0
134.6 0
134.7 0
134.8 0
134.9 0
135 0
135.1 0
135.2 0
135.3 0
135.4 0
135.5 0
135.6 0
135.7 0
135.8 0
135.9 0
136 0
136.1 0
136.2 0
136.3 0
136.4 0
136.5 0
136.6 0
136.7 0
136.8 0
136.9 0
137 0
137.1 0
137.2 0
137.3 0
137.4 0
137.5 0
137.6 0
137.7 0
137.8 0
137.9 0
138 0
138.1 0
138.2 0
138.3 0
138.4 0
138.5 0
138.6 0
138.7 0
138.8 0
138.9 0
139 0
139.1 0
139.2 0
139.3 0
139.4 0
139.5 0
139.6 0
139.7 0
139.8 0
139.9 0
140 0
140.1 0
140.2 0
140.3 0
140.4 0
140.5 0
140.6 0
140.7 0
140.8 0
140.9 0
141 0
141.1 0
141.2 0
141.3 0
141.4 0
141.5 0
141.6 0
141.7 0
141.8 0
141.9 0
142 0
142.1 0
142.2 0
142.3 0
142.4 0
142.5 0
142.6 0
142.7 0
142.8 0
142.9 0
143 0
143.1 0
143.2 0
143.3 0
143.4 0
143.5 0
143.6 0
143.7 0
143.8 0
143.9 0
144 0
144.1 0
144.2 0
144.3 0
144.4 0
144.5 0
144.6 0
144.7 0
144.8 0
144.9 0
145 0
145.1 0
145.2 0
145.3 0
145.4 0
145.5 0
145.6 0
145.7 0
145.8 0
145.9 0
146 0
146.1 0
146.2 0
146.3 0
146.4 0
146.5 0
146.6 0
146.7 0
146.8 0
146.9 0
147 0
147.1 0
147.2 0
147.3 0
147.4 0
147.5 0
147.6 0
147.7 0
147.8 0
147.9 0
148 0
148.1 0
148.2 0
148.3 0
148.4 0
148.5 0
148.6 0
148.7 0
148.8 0
148.9 0
149 0
149.1 0
149.2 0
149.3 0
149.4 0
149.5 0
149.6 0
149.7 0
149.8 0
149.9 0
150 0
150.1 0
150.2 0
150.3 0
150.4 0
150.5 0
150.6 0
150.7 0
150.8 0
150.9 0
151 0
151.1 0
151.2 0
151.3 0
151.4 0
151.5 0
151.6 0
151.7 0
151.8 0
151.9 0
152 0
152.1 0
152.2 0
152.3 0
152.4 0
152.5 0
152.6 0
152.7 0
152.8 0
152.9 0
153 0
153.1 0
153.2 0
153.3 0
153.4 0
153.5 0
153.6 0
153.7 0
153.8 0
153.9 0
154 0
154.1 0
154.2 0
154.3 0
154.4 0
154.5 0
154.6 0
154.7 0
154.8 0
154.9 0
155 0
155.1 0
155.2 0
155.3 0
155.4 0
155.5 0
155.6 0
155.7 0
155.8 0
155.9 0
156 0
156.1 0
156.2 0
156.3 0
156.4 0
156.5 0
156.6 0
156.7 0
156.8 0
156.9 0
157 0
157.1 0
157.2 0
157.3 0
157.4 0
157.5 0
157.6 0
157.7 0
157.8 0
157.9 0
158 0
158.1 0
158.2 0
158.3 0
158.4 0
158.5 0
158.6 0
158.7 0
158.8 0
158.9 0
159 0
159.1 0
159.2 0
159.3 0
159.4 0
159.5 0
159.6 0
159.7 0
159.8 0
159.9 0
160 0
160.1 0
160.2 0
160.3 0
160.4 0
160.5 0
160.6 0
160.7 0
160.8 0
160.9 0
161 0
161.1 0
161.2 0
161.3 0
161.4 0
161.5 0
161.6 0
161.7 0
161.8 0
161.9 0
162 0
162.1 0
162.2 0
162.3 0
162.4 0
162.5 0
162.6 0
162.7 0
162.8 0
162.9 0
163 0
163.1 0
163.2 0
163.3 0
163.4 0
163.5 0
163.6 0
163.7 0
163.8 0
163.9 0
164 0
164.1 0
164.2 0
164.3 0
164.4 0
164.5 0
164.6 0
164.7 0
164.8 0
164.9 0
165 0
165.1 0
165.2 0
165.3 0
165.4 0
165.5 0
165.6 0
165.7 0
165.8 0
165.9 0
166 0
166.1 0
166.2 0
166.3 0
166.4 0
166.5 0
166.6 0
166.7 0
166.8 0
166.9 0
167 0
167.1 0
167.2 0
167.3 0
167.4 0
167.5 0
167.6 0
167.7 0
167.8 0
167.9 0
168 0
168.1 0
168.2 0
168.3 0
168.4 0
168.5 0
168.6 0
168.7 0
168.8 0
168.9 0
169 0
169.1 0
169.2 0
169.3 0
169.4 0
169.5 0
169.6 0
169.7 0
169.8 0
169.9 0
170 0
170.1 0
170.2 0
170.3 0
170.4 0
170.5 0
170.6 0
170.7 0
170.8 0
170.9 0
171 0
171.1 0
171.2 0
171.3 0
171.4 0
171.5 0
171.6 0
171.7 0
171.8 0
171.9 0
172 0
172.1 0
172.2 0
172.3 0
172.4 0
172.5 0
172.6 0
172.7 0
172.8 0
172.9 0
173 0
173.1 0
173.2 0
173.3 0
173.4 0
173.5 0
173.6 0
173.7 0
173.8 0
173.9 0
174 0
174.1 0
174.2 0
174.3 0
174.4 0
174.5 0
174.6 0
174.7 0
174.8 0
174.9 0
175 0
175.1 0
175.2 0
175.3 0
175.4 0
175.5 0
175.6 0
175.7 0
175.8 0
175.9 0
176 0
176.1 0
176.2 0
176.3 0
176.4 0
176.5 0
176.6 0
176.7 0
176.8 0
176.9 0
177 0
177.1 0
177.2 0
177.3 0
177.4 0
177.5 0
177.6 0
177.7 0
177.8 0
177.9 0
178 0
178.1 0
178.2 0
178.3 0
178.4 0
178.5 0
178.6 0
178.7 0
178.8 0
178.9 0
179 0
179.1 0
179.2 0
179.3 0
179.4 0
179.5 0
179.6 0
179.7 0
179.8 0
179.9 0
