2.907102010817429  0.16187773665122376
5.3545015049259845  0.12253480805802985
7.44815156843449  0.08951642581146839
8.321138360687847  0.07385513069649736
10.675925342922568  0.04772366400100837
12.520584390901412  0.03674096903372969
13.273630389088659  0.030309000170792258
15.502403625658985  0.02028271440363809
16.976612626142497  0.016598701308428186
20.079890892865755  0.002267125605874671
23.631049339962473  0.00598196039181075
27.34314100441373  0.0062210941724797604
31.04764147936713  0.013532282658971087
34.21620397577194  0.010161795312866461
37.579100923321846  0.004962639127322599
41.207689503296706  0.004179547435078051
44.30793129422082  0.0023279638613170153
47.73307599565314  0.003177879044297716
50.71793170620985  0.0017237873395652308
54.28579077020186  0.0020629236690099277
56.90171467116281  0.002360229835178019
60.8840526817377  0.002059680947659806
64.04046927494595  0.001659265623501542
67.30468075902375  0.0007164686898380991
69.72323373304044  0.0003201387686685842
71.36900361617546  0.00019437829393541465
73.00110935821438  0.00012772867772177935
