3.369618289915845  170.3427988057019
6.232587529080618  134.63595090502398
7.954734756009994  110.87520095313538
9.679179711060687  88.7947486197726
10.64767211419709  69.11779193268751
12.003331705775913  48.80738166036537
14.307953011459915  34.01011672545888
15.660166010856763  25.04289604088408
17.00548582588965  20.050376235312676
18.5357727546888  16.976922923754938
22.130568400494006  18.505973899648733
24.581095441881843  21.9170350415377
27.233822557945828  22.266208155767643
29.13289485021685  21.381586331911855
31.422580923112278  17.86264998928453
33.340035040353854  13.720673189071002
37.184134187322286  7.240230953078771
38.540942642961774  5.041825567757561
40.48137404141655  2.929626055134655
41.46135508515955  1.9834085621585045
42.26096447137893  1.2008055082264375
43.05482953729501  0.7795328990706447
44.798805181376906  0.4924508894062183
45.941924921733644  0.45962780763877875
48.37521900221158  0.6710888470472983
50.993480196455764  1.0362205995994354
54.36999167073557  1.60086310210097
57.96363845248011  1.7695686721439698
61.005830485107865  1.586004623291963
64.06066002240287  1.2192103470915634
67.12927592842578  0.7927381073645814
69.44883246689835  0.4607538735694793
70.04394405032025  0.33439162553348833
72.36809604503547  0.1838034337067616
73.52729988224144  0.14110856622141374
