0 0
0.1 0
0.2 0
0.3 0
0.4 0
0.5 0
0.6 0
0.7 0
0.8 0
0.9 0
1 0
1.1 0
1.2 0
1.3 0
1.4 0
1.5 0
1.6 0
1.7 0
1.8 0
1.9 0
2 0
2.1 0
2.2 0
2.3 0
2.4 0
2.5 0
2.6 0
2.7 0
2.8 0
2.9 0
3 0
3.1 0
3.2 0
3.3 0
3.4 0
3.5 0
3.6 0
3.7 0
3.8 0
3.9 0
4 0
4.1 0
4.2 0
4.3 0
4.4 0
4.5 0
4.6 0
4.7 0
4.8 0
4.9 0
5 0
5.1 0
5.2 0
5.3 0
5.4 0
5.5 0
5.6 0
5.7 0
5.8 0
5.9 0
6 0
6.1 0
6.2 0
6.3 0
6.4 0
6.5 0
6.6 0
6.7 0
6.8 0
6.9 0
7 0
7.1 0
7.2 0
7.3 0
7.4 0
7.5 0
7.6 0
7.7 0
7.8 0
7.9 0
8 0
8.1 0
8.2 0
8.3 0
8.4 0
8.5 0
8.6 0
8.7 0
8.8 0
8.9 0
9 0
9.1 0
9.2 0
9.3 0
9.4 0
9.5 0
9.6 0
9.7 0
9.8 0
9.9 0
10 1.8101
10.1 1.80084
10.2 1.79158
10.3 1.78233
10.4 1.77307
10.5 1.76381
10.6 1.75455
10.7 1.7453
10.8 1.73604
10.9 1.72678
11 1.71752
11.1 1.70827
11.2 1.69901
11.3 1.68975
11.4 1.68049
11.5 1.67124
11.6 1.66198
11.7 1.65272
11.8 1.64346
11.9 1.63421
12 1.62495
12.1 1.61569
12.2 1.60643
12.3 1.59718
12.4 1.58792
12.5 1.57866
12.6 1.5694
12.7 1.56015
12.8 1.55089
12.9 1.54163
13 1.53237
13.1 1.52312
13.2 1.51386
13.3 1.5046
13.4 1.49534
13.5 1.48608
13.6 1.47683
13.7 1.46757
13.8 1.45831
13.9 1.44905
14 1.4398
14.1 1.43054
14.2 1.42128
14.3 1.41202
14.4 1.40277
14.5 1.39351
14.6 1.38425
14.7 1.37499
14.8 1.36574
14.9 1.35648
15 1.34722
15.1 1.34056
15.2 1.33391
15.3 1.32725
15.4 1.32059
15.5 1.31394
15.6 1.30728
15.7 1.30062
15.8 1.29397
15.9 1.28731
16 1.28065
16.1 1.27399
16.2 1.26734
16.3 1.26068
16.4 1.25402
16.5 1.24737
16.6 1.24071
16.7 1.23405
16.8 1.2274
16.9 1.22074
17 1.21408
17.1 1.20742
17.2 1.20077
17.3 1.19411
17.4 1.18745
17.5 1.1808
17.6 1.17414
17.7 1.16748
17.8 1.16083
17.9 1.15417
18 1.14751
18.1 1.14085
18.2 1.1342
18.3 1.12754
18.4 1.12088
18.5 1.11423
18.6 1.10757
18.7 1.10091
18.8 1.09426
18.9 1.0876
19 1.08094
19.1 1.07428
19.2 1.06763
19.3 1.06097
19.4 1.05431
19.5 1.04766
19.6 1.041
19.7 1.03434
19.8 1.02769
19.9 1.02103
20 1.01437
20.1 1.00772
20.2 1.00194
20.3 0.996231
20.4 0.990519
20.5 0.984807
20.6 0.979095
20.7 0.973383
20.8 0.967671
20.9 0.961959
21 0.956247
21.1 0.950535
21.2 0.944823
21.3 0.939111
21.4 0.933399
21.5 0.927687
21.6 0.921975
21.7 0.916263
21.8 0.910551
21.9 0.904839
22 0.899127
22.1 0.893415
22.2 0.887703
22.3 0.881991
22.4 0.876279
22.5 0.870567
22.6 0.864855
22.7 0.859143
22.8 0.853431
22.9 0.847719
23 0.841767
23.1 0.834929
23.2 0.82809
23.3 0.821252
23.4 0.814414
23.5 0.807575
23.6 0.800737
23.7 0.793899
23.8 0.78706
23.9 0.780222
24 0.773384
24.1 0.766545
24.2 0.759707
24.3 0.752869
24.4 0.74603
24.5 0.739192
24.6 0.732353
24.7 0.725515
24.8 0.718677
24.9 0.711838
25 0.705
25.1 0.698162
25.2 0.691323
25.3 0.684485
25.4 0.677647
25.5 0.670808
25.6 0.66397
25.7 0.657132
25.8 0.650293
25.9 0.643455
26 0.636617
26.1 0.629778
26.2 0.62294
26.3 0.616102
26.4 0.609263
26.5 0.602425
26.6 0.595586
26.7 0.588748
26.8 0.58191
26.9 0.575071
27 0.568233
27.1 0.561395
27.2 0.554556
27.3 0.547718
27.4 0.54088
27.5 0.534041
27.6 0.527203
27.7 0.520365
27.8 0.513526
27.9 0.506688
28 0.49985
28.1 0.493678
28.2 0.491315
28.3 0.488953
28.4 0.48659
28.5 0.484227
28.6 0.481865
28.7 0.479502
28.8 0.477139
28.9 0.474777
29 0.472414
29.1 0.470051
29.2 0.467688
29.3 0.465326
29.4 0.462963
29.5 0.4606
29.6 0.458238
29.7 0.455875
29.8 0.453512
29.9 0.45115
30 0.448787
30.1 0.446424
30.2 0.444062
30.3 0.441699
30.4 0.437796
30.5 0.433527
30.6 0.429258
30.7 0.42499
30.8 0.420721
30.9 0.416453
31 0.412184
31.1 0.407916
31.2 0.403647
31.3 0.398778
31.4 0.391942
31.5 0.385107
31.6 0.378272
31.7 0.371436
31.8 0.364601
31.9 0.357765
32 0.35093
32.1 0.344094
32.2 0.337259
32.3 0.331964
32.4 0.327465
32.5 0.322965
32.6 0.318466
32.7 0.313967
32.8 0.309467
32.9 0.304968
33 0.300468
33.1 0.295969
33.2 0.291469
33.3 0.28697
33.4 0.28247
33.5 0.277971
33.6 0.273471
33.7 0.268972
33.8 0.264473
33.9 0.259973
34 0.255474
34.1 0.250974
34.2 0.246475
34.3 0.241975
34.4 0.237476
34.5 0.232029
34.6 0.22456
34.7 0.217091
34.8 0.209623
34.9 0.202154
35 0.194685
35.1 0.187216
35.2 0.18748
35.3 0.188271
35.4 0.189063
35.5 0.189854
35.6 0.190645
35.7 0.191436
35.8 0.192227
35.9 0.193018
36 0.193809
36.1 0.194601
36.2 0.195392
36.3 0.196183
36.4 0.196974
36.5 0.197765
36.6 0.198556
36.7 0.199347
36.8 0.200139
36.9 0.20093
37 0.201721
37.1 0.202512
37.2 0.203303
37.3 0.204094
37.4 0.204885
37.5 0.205677
37.6 0.206468
37.7 0.207259
37.8 0.20805
37.9 0.208841
38 0.209466
38.1 0.209473
38.2 0.209481
38.3 0.209488
38.4 0.209496
38.5 0.209503
38.6 0.209511
38.7 0.209519
38.8 0.209526
38.9 0.209534
39 0.209541
39.1 0.209549
39.2 0.209556
39.3 0.209564
39.4 0.209572
39.5 0.209579
39.6 0.209587
39.7 0.209594
39.8 0.209602
39.9 0.209609
40 0.209617
40.1 0.209625
40.2 0.209632
40.3 0.20964
40.4 0.209647
40.5 0.209655
40.6 0.209662
40.7 0.20967
40.8 0.209678
40.9 0.210319
41 0.211622
41.1 0.212924
41.2 0.214227
41.3 0.21553
41.4 0.216833
41.5 0.218135
41.6 0.219438
41.7 0.220741
41.8 0.222043
41.9 0.223346
42 0.224649
42.1 0.225952
42.2 0.227254
42.3 0.228557
42.4 0.22986
42.5 0.231162
42.6 0.232465
42.7 0.233768
42.8 0.235071
42.9 0.236373
43 0.237676
43.1 0.238979
43.2 0.240281
43.3 0.241584
43.4 0.242887
43.5 0.245359
43.6 0.247883
43.7 0.250407
43.8 0.252931
43.9 0.255455
44 0.257979
44.1 0.260503
44.2 0.263027
44.3 0.265551
44.4 0.268075
44.5 0.270599
44.6 0.273123
44.7 0.275648
44.8 0.278172
44.9 0.280696
45 0.28322
45.1 0.285744
45.2 0.288268
45.3 0.290792
45.4 0.293316
45.5 0.29584
45.6 0.298364
45.7 0.300888
45.8 0.303412
45.9 0.305936
46 0.30846
46.1 0.310984
46.2 0.313508
46.3 0.31585
46.4 0.317593
46.5 0.319337
46.6 0.32108
46.7 0.322824
46.8 0.324567
46.9 0.326311
47 0.328054
47.1 0.329798
47.2 0.331541
47.3 0.333285
47.4 0.335028
47.5 0.336772
47.6 0.338515
47.7 0.340259
47.8 0.342002
47.9 0.343746
48 0.345489
48.1 0.347233
48.2 0.348976
48.3 0.35072
48.4 0.352463
48.5 0.354207
48.6 0.35595
48.7 0.357694
48.8 0.359437
48.9 0.361181
49 0.362924
49.1 0.364668
49.2 0.366236
49.3 0.367635
49.4 0.369035
49.5 0.370435
49.6 0.371835
49.7 0.373235
49.8 0.374634
49.9 0.376034
50 0.377434
50.1 0.378834
50.2 0.380234
50.3 0.381634
50.4 0.383033
50.5 0.384433
50.6 0.385833
50.7 0.387233
50.8 0.388633
50.9 0.390032
51 0.391432
51.1 0.392832
51.2 0.394232
51.3 0.395632
51.4 0.396954
51.5 0.397897
51.6 0.398841
51.7 0.399784
51.8 0.400728
51.9 0.401671
52 0.402615
52.1 0.403558
52.2 0.404502
52.3 0.405445
52.4 0.406388
52.5 0.407332
52.6 0.408275
52.7 0.409219
52.8 0.410162
52.9 0.411106
53 0.412049
53.1 0.412993
53.2 0.413936
53.3 0.41488
53.4 0.415823
53.5 0.416767
53.6 0.41771
53.7 0.418654
53.8 0.419597
53.9 0.42054
54 0.421484
54.1 0.422427
54.2 0.423371
54.3 0.424399
54.4 0.42553
54.5 0.426662
54.6 0.427794
54.7 0.428926
54.8 0.430058
54.9 0.43119
55 0.432321
55.1 0.433453
55.2 0.434585
55.3 0.435717
55.4 0.436849
55.5 0.437981
55.6 0.439113
55.7 0.440244
55.8 0.441376
55.9 0.442508
56 0.44364
56.1 0.444772
56.2 0.445904
56.3 0.447036
56.4 0.448167
56.5 0.449299
56.6 0.450431
56.7 0.451563
56.8 0.452695
56.9 0.452806
57 0.452822
57.1 0.452839
57.2 0.452855
57.3 0.452872
57.4 0.452888
57.5 0.452904
57.6 0.452921
57.7 0.452937
57.8 0.452953
57.9 0.45297
58 0.452986
58.1 0.453002
58.2 0.453019
58.3 0.453035
58.4 0.453052
58.5 0.453068
58.6 0.453084
58.7 0.453101
58.8 0.453117
58.9 0.453133
59 0.45315
59.1 0.453166
59.2 0.453182
59.3 0.453199
59.4 0.452653
59.5 0.451201
59.6 0.44975
59.7 0.448298
59.8 0.446847
59.9 0.445395
60 0.443944
60.1 0.442492
60.2 0.441041
60.3 0.439589
60.4 0.438138
60.5 0.436686
60.6 0.435235
60.7 0.433783
60.8 0.432332
60.9 0.43088
61 0.429429
61.1 0.427977
61.2 0.426526
61.3 0.425074
61.4 0.423623
61.5 0.422171
61.6 0.42072
61.7 0.419268
61.8 0.417817
61.9 0.416365
62 0.414914
62.1 0.413462
62.2 0.412011
62.3 0.409784
62.4 0.407157
62.5 0.40453
62.6 0.401903
62.7 0.399277
62.8 0.39665
62.9 0.394023
63 0.391396
63.1 0.388769
63.2 0.386143
63.3 0.383516
63.4 0.380889
63.5 0.378262
63.6 0.375635
63.7 0.373008
63.8 0.370382
63.9 0.367755
64 0.365128
64.1 0.362501
64.2 0.359874
64.3 0.357247
64.4 0.354621
64.5 0.351994
64.6 0.349367
64.7 0.34674
64.8 0.344182
64.9 0.342094
65 0.340006
65.1 0.337919
65.2 0.335831
65.3 0.333743
65.4 0.331655
65.5 0.329567
65.6 0.327479
65.7 0.325391
65.8 0.323304
65.9 0.321216
66 0.319128
66.1 0.31704
66.2 0.314952
66.3 0.312864
66.4 0.310777
66.5 0.308689
66.6 0.306601
66.7 0.304513
66.8 0.302425
66.9 0.300337
67 0.298249
67.1 0.297351
67.2 0.296773
67.3 0.296196
67.4 0.295618
67.5 0.295041
67.6 0.294464
67.7 0.293886
67.8 0.293309
67.9 0.292732
68 0.292154
68.1 0.291577
68.2 0.290999
68.3 0.290422
68.4 0.289845
68.5 0.289267
68.6 0.28869
68.7 0.288112
68.8 0.287535
68.9 0.286958
69 0.28638
69.1 0.285803
69.2 0.285225
69.3 0.284648
69.4 0.284071
69.5 0.283493
69.6 0.282916
69.7 0.282338
69.8 0.281761
69.9 0.281184
70 0.280606
70.1 0.280029
70.2 0.279451
70.3 0.278344
70.4 0.277158
70.5 0.275973
70.6 0.274787
70.7 0.273602
70.8 0.272416
70.9 0.271231
71 0.270045
71.1 0.26886
71.2 0.267674
71.3 0.266489
71.4 0.265304
71.5 0.264118
71.6 0.262933
71.7 0.261747
71.8 0.260562
71.9 0.259376
72 0.258191
72.1 0.257005
72.2 0.25582
72.3 0.254634
72.4 0.253449
72.5 0.252263
72.6 0.251078
72.7 0.249893
72.8 0.248707
72.9 0.247522
73 0.246336
73.1 0.245151
73.2 0.243965
73.3 0.24278
73.4 0.241594
73.5 0.240409
73.6 0.239223
73.7 0.238038
73.8 0.236798
73.9 0.235541
74 0.234284
74.1 0.233027
74.2 0.23177
74.3 0.230513
74.4 0.229257
74.5 0.228
74.6 0.226743
74.7 0.225486
74.8 0.224229
74.9 0.222972
75 0.221715
75.1 0.220459
75.2 0.219202
75.3 0.217945
75.4 0.216688
75.5 0.215431
75.6 0.214174
75.7 0.212917
75.8 0.21166
75.9 0.210404
76 0.209147
76.1 0.20789
76.2 0.206633
76.3 0.205376
76.4 0.204119
76.5 0.202862
76.6 0.201606
76.7 0.200349
76.8 0.199092
76.9 0.197835
77 0.196578
77.1 0.195321
77.2 0.194064
77.3 0.192808
77.4 0.191551
77.5 0.190294
77.6 0.188956
77.7 0.187525
77.8 0.186095
77.9 0.184665
78 0.183235
78.1 0.181804
78.2 0.180374
78.3 0.178944
78.4 0.177513
78.5 0.176083
78.6 0.174653
78.7 0.173222
78.8 0.171792
78.9 0.170362
79 0.168931
79.1 0.167501
79.2 0.166071
79.3 0.164641
79.4 0.16321
79.5 0.16178
79.6 0.16035
79.7 0.158919
79.8 0.157489
79.9 0.156059
80 0.154628
80.1 0.153198
80.2 0.151768
80.3 0.150337
80.4 0.148907
80.5 0.147477
80.6 0.146047
80.7 0.144616
80.8 0.143186
80.9 0.141756
81 0.140325
81.1 0.139982
81.2 0.141556
81.3 0.143131
81.4 0.144705
81.5 0.146279
81.6 0.147854
81.7 0.149428
81.8 0.151003
81.9 0.152577
82 0.154152
82.1 0.155726
82.2 0.1573
82.3 0.158875
82.4 0.160449
82.5 0.162024
82.6 0.163598
82.7 0.165172
82.8 0.166747
82.9 0.168321
83 0.169785
83.1 0.170838
83.2 0.171892
83.3 0.172945
83.4 0.173999
83.5 0.175052
83.6 0.176106
83.7 0.177159
83.8 0.178213
83.9 0.179266
84 0.180319
84.1 0.181373
84.2 0.182426
84.3 0.18348
84.4 0.184533
84.5 0.185587
84.6 0.18664
84.7 0.187694
84.8 0.188747
84.9 0.189801
85 0.190854
85.1 0.191907
85.2 0.192961
85.3 0.194014
85.4 0.195068
85.5 0.196121
85.6 0.19836
85.7 0.201154
85.8 0.203949
85.9 0.206743
86 0.209537
86.1 0.212332
86.2 0.215126
86.3 0.217921
86.4 0.220715
86.5 0.223509
86.6 0.226304
86.7 0.229098
86.8 0.231892
86.9 0.234687
87 0.237481
87.1 0.240275
87.2 0.24307
87.3 0.245864
87.4 0.248658
87.5 0.251453
87.6 0.254247
87.7 0.257042
87.8 0.259836
87.9 0.26263
88 0.265425
88.1 0.2686
88.2 0.273955
88.3 0.279311
88.4 0.284666
88.5 0.290021
88.6 0.295376
88.7 0.300731
88.8 0.306086
88.9 0.311441
89 0.316796
89.1 0.322152
89.2 0.327507
89.3 0.332862
89.4 0.338217
89.5 0.343572
89.6 0.348927
89.7 0.353721
89.8 0.356144
89.9 0.358568
90 0.360991
90.1 0
90.2 0
90.3 0
90.4 0
90.5 0
90.6 0
90.7 0
90.8 0
90.9 0
91 0
91.1 0
91.2 0
91.3 0
91.4 0
91.5 0
91.6 0
91.7 0
91.8 0
91.9 0
92 0
92.1 0
92.2 0
92.3 0
92.4 0
92.5 0
92.6 0
92.7 0
92.8 0
92.9 0
93 0
93.1 0
93.2 0
93.3 0
93.4 0
93.5 0
93.6 0
93.7 0
93.8 0
93.9 0
94 0
94.1 0
94.2 0
94.3 0
94.4 0
94.5 0
94.6 0
94.7 0
94.8 0
94.9 0
95 0
95.1 0
95.2 0
95.3 0
95.4 0
95.5 0
95.6 0
95.7 0
95.8 0
95.9 0
96 0
96.1 0
96.2 0
96.3 0
96.4 0
96.5 0
96.6 0
96.7 0
96.8 0
96.9 0
97 0
97.1 0
97.2 0
97.3 0
97.4 0
97.5 0
97.6 0
97.7 0
97.8 0
97.9 0
98 0
98.1 0
98.2 0
98.3 0
98.4 0
98.5 0
98.6 0
98.7 0
98.8 0
98.9 0
99 0
99.1 0
99.2 0
99.3 0
99.4 0
99.5 0
99.6 0
99.7 0
99.8 0
99.9 0
100 0
100.1 0
100.2 0
100.3 0
100.4 0
100.5 0
100.6 0
100.7 0
100.8 0
100.9 0
101 0
101.1 0
101.2 0
101.3 0
101.4 0
101.5 0
101.6 0
101.7 0
101.8 0
101.9 0
102 0
102.1 0
102.2 0
102.3 0
102.4 0
102.5 0
102.6 0
102.7 0
102.8 0
102.9 0
103 0
103.1 0
103.2 0
103.3 0
103.4 0
103.5 0
103.6 0
103.7 0
103.8 0
103.9 0
104 0
104.1 0
104.2 0
104.3 0
104.4 0
104.5 0
104.6 0
104.7 0
104.8 0
104.9 0
105 0
105.1 0
105.2 0
105.3 0
105.4 0
105.5 0
105.6 0
105.7 0
105.8 0
105.9 0
106 0
106.1 0
106.2 0
106.3 0
106.4 0
106.5 0
106.6 0
106.7 0
106.8 0
106.9 0
107 0
107.1 0
107.2 0
107.3 0
107.4 0
107.5 0
107.6 0
107.7 0
107.8 0
107.9 0
108 0
108.1 0
108.2 0
108.3 0
108.4 0
108.5 0
108.6 0
108.7 0
108.8 0
108.9 0
109 0
109.1 0
109.2 0
109.3 0
109.4 0
109.5 0
109.6 0
109.7 0
109.8 0
109.9 0
110 0
110.1 0
110.2 0
110.3 0
110.4 0
110.5 0
110.6 0
110.7 0
110.8 0
110.9 0
111 0
111.1 0
111.2 0
111.3 0
111.4 0
111.5 0
111.6 0
111.7 0
111.8 0
111.9 0
112 0
112.1 0
112.2 0
112.3 0
112.4 0
112.5 0
112.6 0
112.7 0
112.8 0
112.9 0
113 0
113.1 0
113.2 0
113.3 0
113.4 0
113.5 0
113.6 0
113.7 0
113.8 0
113.9 0
114 0
114.1 0
114.2 0
114.3 0
114.4 0
114.5 0
114.6 0
114.7 0
114.8 0
114.9 0
115 0
115.1 0
115.2 0
115.3 0
115.4 0
115.5 0
115.6 0
115.7 0
115.8 0
115.9 0
116 0
116.1 0
116.2 0
116.3 0
116.4 0
116.5 0
116.6 0
116.7 0
116.8 0
116.9 0
117 0
117.1 0
117.2 0
117.3 0
117.4 0
117.5 0
117.6 0
117.7 0
117.8 0
117.9 0
118 0
118.1 0
118.2 0
118.3 0
118.4 0
118.5 0
118.6 0
118.7 0
118.8 0
118.9 0
119 0
119.1 0
119.2 0
119.3 0
119.4 0
119.5 0
119.6 0
119.7 0
119.8 0
119.9 0
120 0
120.1 0
120.2 0
120.3 0
120.4 0
120.5 0
120.6 0
120.7 0
120.8 0
120.9 0
121 0
121.1 0
121.2 0
121.3 0
121.4 0
121.5 0
121.6 0
121.7 0
121.8 0
121.9 0
122 0
122.1 0
122.2 0
122.3 0
122.4 0
122.5 0
122.6 0
122.7 0
122.8 0
122.9 0
123 0
123.1 0
123.2 0
123.3 0
123.4 0
123.5 0
123.6 0
123.7 0
123.8 0
123.9 0
124 0
124.1 0
124.2 0
124.3 0
124.4 0
124.5 0
124.6 0
124.7 0
124.8 0
124.9 0
125 0
125.1 0
125.2 0
125.3 0
125.4 0
125.5 0
125.6 0
125.7 0
125.8 0
125.9 0
126 0
126.1 0
126.2 0
126.3 0
126.4 0
126.5 0
126.6 0
126.7 0
126.8 0
126.9 0
127 0
127.1 0
127.2 0
127.3 0
127.4 0
127.5 0
127.6 0
127.7 0
127.8 0
127.9 0
128 0
128.1 0
128.2 0
128.3 0
128.4 0
128.5 0
128.6 0
128.7 0
128.8 0
128.9 0
129 0
129.1 0
129.2 0
129.3 0
129.4 0
129.5 0
129.6 0
129.7 0
129.8 0
129.9 0
130 0
130.1 0
130.2 0
130.3 0
130.4 0
130.5 0
130.6 0
130.7 0
130.8 0
130.9 0
131 0
131.1 0
131.2 0
131.3 0
131.4 0
131.5 0
131.6 0
131.7 0
131.8 0
131.9 0
132 0
132.1 0
132.2 0
132.3 0
132.4 0
132.5 0
132.6 0
132.7 0
132.8 0
132.9 0
133 0
133.1 0
133.2 0
133.3 0
133.4 0
133.5 0
133.6 0
133.7 0
133.8 0
133.9 0
134 0
134.1 0
134.2 0
134.3 0
134.4 0
134.5 0
134.6 0
134.7 0
134.8 0
134.9 0
135 0
135.1 0
135.2 0
135.3 0
135.4 0
135.5 0
135.6 0
135.7 0
135.8 0
135.9 0
136 0
136.1 0
136.2 0
136.3 0
136.4 0
136.5 0
136.6 0
136.7 0
136.8 0
136.9 0
137 0
137.1 0
137.2 0
137.3 0
137.4 0
137.5 0
137.6 0
137.7 0
137.8 0
137.9 0
138 0
138.1 0
138.2 0
138.3 0
138.4 0
138.5 0
138.6 0
138.7 0
138.8 0
138.9 0
139 0
139.1 0
139.2 0
139.3 0
139.4 0
139.5 0
139.6 0
139.7 0
139.8 0
139.9 0
140 0
140.1 0
140.2 0
140.3 0
140.4 0
140.5 0
140.6 0
140.7 0
140.8 0
140.9 0
141 0
141.1 0
141.2 0
141.3 0
141.4 0
141.5 0
141.6 0
141.7 0
141.8 0
141.9 0
142 0
142.1 0
142.2 0
142.3 0
142.4 0
142.5 0
142.6 0
142.7 0
142.8 0
142.9 0
143 0
143.1 0
143.2 0
143.3 0
143.4 0
143.5 0
143.6 0
143.7 0
143.8 0
143.9 0
144 0
144.1 0
144.2 0
144.3 0
144.4 0
144.5 0
144.6 0
144.7 0
144.8 0
144.9 0
145 0
145.1 0
145.2 0
145.3 0
145.4 0
145.5 0
145.6 0
145.7 0
145.8 0
145.9 0
146 0
146.1 0
146.2 0
146.3 0
146.4 0
146.5 0
146.6 0
146.7 0
146.8 0
146.9 0
147 0
147.1 0
147.2 0
147.3 0
147.4 0
147.5 0
147.6 0
147.7 0
147.8 0
147.9 0
148 0
148.1 0
148.2 0
148.3 0
148.4 0
148.5 0
148.6 0
148.7 0
148.8 0
148.9 0
149 0
149.1 0
149.2 0
149.3 0
149.4 0
149.5 0
149.6 0
149.7 0
149.8 0
149.9 0
150 0
150.1 0
150.2 0
150.3 0
150.4 0
150.5 0
150.6 0
150.7 0
150.8 0
150.9 0
151 0
151.1 0
151.2 0
151.3 0
151.4 0
151.5 0
151.6 0
151.7 0
151.8 0
151.9 0
152 0
152.1 0
152.2 0
152.3 0
152.4 0
152.5 0
152.6 0
152.7 0
152.8 0
152.9 0
153 0
153.1 0
153.2 0
153.3 0
153.4 0
153.5 0
153.6 0
153.7 0
153.8 0
153.9 0
154 0
154.1 0
154.2 0
154.3 0
154.4 0
154.5 0
154.6 0
154.7 0
154.8 0
154.9 0
155 0
155.1 0
155.2 0
155.3 0
155.4 0
155.5 0
155.6 0
155.7 0
155.8 0
155.9 0
156 0
156.1 0
156.2 0
156.3 0
156.4 0
156.5 0
156.6 0
156.7 0
156.8 0
156.9 0
157 0
157.1 0
157.2 0
157.3 0
157.4 0
157.5 0
157.6 0
157.7 0
157.8 0
157.9 0
158 0
158.1 0
158.2 0
158.3 0
158.4 0
158.5 0
158.6 0
158.7 0
158.8 0
158.9 0
159 0
159.1 0
159.2 0
159.3 0
159.4 0
159.5 0
159.6 0
159.7 0
159.8 0
159.9 0
160 0
160.1 0
160.2 0
160.3 0
160.4 0
160.5 0
160.6 0
160.7 0
160.8 0
160.9 0
161 0
161.1 0
161.2 0
161.3 0
161.4 0
161.5 0
161.6 0
161.7 0
161.8 0
161.9 0
162 0
162.1 0
162.2 0
162.3 0
162.4 0
162.5 0
162.6 0
162.7 0
162.8 0
162.9 0
163 0
163.1 0
163.2 0
163.3 0
163.4 0
163.5 0
163.6 0
163.7 0
163.8 0
163.9 0
164 0
164.1 0
164.2 0
164.3 0
164.4 0
164.5 0
164.6 0
164.7 0
164.8 0
164.9 0
165 0
165.1 0
165.2 0
165.3 0
165.4 0
165.5 0
165.6 0
165.7 0
165.8 0
165.9 0
166 0
166.1 0
166.2 0
166.3 0
166.4 0
166.5 0
166.6 0
166.7 0
166.8 0
166.9 0
167 0
167.1 0
167.2 0
167.3 0
167.4 0
167.5 0
167.6 0
167.7 0
167.8 0
167.9 0
168 0
168.1 0
168.2 0
168.3 0
168.4 0
168.5 0
168.6 0
168.7 0
168.8 0
168.9 0
169 0
169.1 0
169.2 0
169.3 0
169.4 0
169.5 0
169.6 0
169.7 0
169.8 0
169.9 0
170 0
170.1 0
170.2 0
170.3 0
170.4 0
170.5 0
170.6 0
170.7 0
170.8 0
170.9 0
171 0
171.1 0
171.2 0
171.3 0
171.4 0
171.5 0
171.6 0
171.7 0
171.8 0
171.9 0
172 0
172.1 0
172.2 0
172.3 0
172.4 0
172.5 0
172.6 0
172.7 0
172.8 0
172.9 0
173 0
173.1 0
173.2 0
173.3 0
173.4 0
173.5 0
173.6 0
173.7 0
173.8 0
173.9 0
174 0
174.1 0
174.2 0
174.3 0
174.4 0
174.5 0
174.6 0
174.7 0
174.8 0
174.9 0
175 0
175.1 0
175.2 0
175.3 0
175.4 0
175.5 0
175.6 0
175.7 0
175.8 0
175.9 0
176 0
176.1 0
176.2 0
176.3 0
176.4 0
176.5 0
176.6 0
176.7 0
176.8 0
176.9 0
177 0
177.1 0
177.2 0
177.3 0
177.4 0
177.5 0
177.6 0
177.7 0
177.8 0
177.9 0
178 0
178.1 0
178.2 0
178.3 0
178.4 0
178.5 0
178.6 0
178.7 0
178.8 0
178.9 0
179 0
179.1 0
179.2 0
179.3 0
179.4 0
179.5 0
179.6 0
179.7 0
179.8 0
179.9 0
