0 1984.48
0.1 1981.16
0.2 1977.84
0.3 1974.52
0.4 1971.2
0.5 1967.88
0.6 1964.56
0.7 1961.24
0.8 1957.92
0.9 1954.59
1 1951.27
1.1 1947.95
1.2 1944.63
1.3 1941.31
1.4 1937.99
1.5 1934.67
1.6 1931.35
1.7 1928.03
1.8 1924.71
1.9 1921.39
2 1918.07
2.1 1914.75
2.2 1911.43
2.3 1908.11
2.4 1904.79
2.5 1901.47
2.6 1898.14
2.7 1894.82
2.8 1891.5
2.9 1888.18
3 1884.86
3.1 1881.54
3.2 1878.22
3.3 1874.9
3.4 1871.58
3.5 1868.26
3.6 1864.94
3.7 1861.62
3.8 1858.3
3.9 1854.98
4 1851.66
4.1 1848.34
4.2 1845.02
4.3 1841.69
4.4 1838.37
4.5 1835.05
4.6 1831.73
4.7 1828.41
4.8 1825.09
4.9 1821.77
5 1818.45
5.1 1815.13
5.2 1811.81
5.3 1808.49
5.4 1805.17
5.5 1801.85
5.6 1798.53
5.7 1795.21
5.8 1791.89
5.9 1788.57
6 1785.24
6.1 1781.92
6.2 1778.6
6.3 1775.28
6.4 1771.96
6.5 1768.64
6.6 1765.32
6.7 1762
6.8 1758.68
6.9 1755.36
7 1752.04
7.1 1748.72
7.2 1745.4
7.3 1742.08
7.4 1738.76
7.5 1735.44
7.6 1732.12
7.7 1728.79
7.8 1725.47
7.9 1722.15
8 1718.83
8.1 1715.51
8.2 1712.19
8.3 1708.83
8.4 1705.19
8.5 1701.54
8.6 1697.9
8.7 1694.25
8.8 1690.61
8.9 1686.96
9 1683.32
9.1 1679.67
9.2 1676.03
9.3 1672.38
9.4 1668.74
9.5 1665.09
9.6 1661.45
9.7 1657.8
9.8 1654.16
9.9 1650.51
10 1646.87
10.1 1643.22
10.2 1639.58
10.3 1635.93
10.4 1632.29
10.5 1628.64
10.6 1625
10.7 1621.35
10.8 1617.71
10.9 1614.06
11 1610.42
11.1 1606.77
11.2 1603.13
11.3 1599.48
11.4 1595.84
11.5 1592.19
11.6 1588.55
11.7 1584.9
11.8 1581.26
11.9 1577.61
12 1573.97
12.1 1570.32
12.2 1566.68
12.3 1563.03
12.4 1559.39
12.5 1555.74
12.6 1552.1
12.7 1548.45
12.8 1544.81
12.9 1541.16
13 1537.52
13.1 1533.87
13.2 1530.23
13.3 1526.58
13.4 1522.94
13.5 1519.29
13.6 1515.65
13.7 1512
13.8 1508.36
13.9 1504.71
14 1501.07
14.1 1497.42
14.2 1493.78
14.3 1490.13
14.4 1486.49
14.5 1482.84
14.6 1479.2
14.7 1475.55
14.8 1471.45
14.9 1465.93
15 1460.41
15.1 1454.9
15.2 1449.38
15.3 1443.86
15.4 1438.35
15.5 1432.83
15.6 1427.31
15.7 1421.8
15.8 1416.28
15.9 1410.76
16 1405.25
16.1 1399.73
16.2 1394.21
16.3 1388.69
16.4 1383.18
16.5 1377.66
16.6 1372.14
16.7 1366.63
16.8 1361.11
16.9 1355.59
17 1350.08
17.1 1344.56
17.2 1339.04
17.3 1333.53
17.4 1328.01
17.5 1322.49
17.6 1316.98
17.7 1311.46
17.8 1305.94
17.9 1300.43
18 1294.91
18.1 1289.39
18.2 1283.88
18.3 1278.36
18.4 1272.84
18.5 1267.32
18.6 1261.81
18.7 1256.29
18.8 1250.77
18.9 1245.26
19 1239.74
19.1 1234.22
19.2 1228.71
19.3 1223.19
19.4 1217.67
19.5 1212.16
19.6 1206.64
19.7 1201.12
19.8 1195.61
19.9 1190.09
20 1184.57
20.1 1179.06
20.2 1173.54
20.3 1168.02
20.4 1162.51
20.5 1156.99
20.6 1151.47
20.7 1145.95
20.8 1140.44
20.9 1134.92
21 1129.4
21.1 1123.89
21.2 1118.37
21.3 1112.85
21.4 1107.34
21.5 1101.82
21.6 1096.3
21.7 1090.79
21.8 1085.27
21.9 1079.75
22 1074.24
22.1 1068.72
22.2 1063.2
22.3 1057.69
22.4 1052.17
22.5 1046.65
22.6 1041.14
22.7 1035.62
22.8 1030.1
22.9 1024.59
23 1019.07
23.1 1013.55
23.2 1008.03
23.3 1002.52
23.4 997.001
23.5 991.484
23.6 985.967
23.7 980.451
23.8 974.934
23.9 969.417
24 963.9
24.1 958.383
24.2 952.866
24.3 947.35
24.4 941.833
24.5 936.316
24.6 930.799
24.7 925.282
24.8 919.766
24.9 914.249
25 908.732
25.1 903.215
25.2 897.698
25.3 892.182
25.4 886.665
25.5 881.148
25.6 875.631
25.7 870.114
25.8 864.597
25.9 859.081
26 853.564
26.1 848.047
26.2 843.041
26.3 839.597
26.4 836.154
26.5 832.71
26.6 829.266
26.7 825.822
26.8 822.379
26.9 818.935
27 815.491
27.1 812.047
27.2 808.604
27.3 805.16
27.4 801.716
27.5 798.272
27.6 794.829
27.7 791.385
27.8 787.941
27.9 784.497
28 781.053
28.1 777.61
28.2 774.166
28.3 770.722
28.4 767.278
28.5 763.835
28.6 760.391
28.7 756.947
28.8 753.503
28.9 750.06
29 746.616
29.1 743.172
29.2 739.728
29.3 736.285
29.4 732.841
29.5 729.397
29.6 725.953
29.7 722.51
29.8 719.066
29.9 715.622
30 712.178
30.1 708.735
30.2 705.291
30.3 701.847
30.4 698.403
30.5 694.96
30.6 691.516
30.7 688.072
30.8 684.628
30.9 681.185
31 677.741
31.1 674.297
31.2 670.853
31.3 667.41
31.4 663.966
31.5 660.522
31.6 657.078
31.7 653.635
31.8 650.191
31.9 646.747
32 643.303
32.1 639.86
32.2 636.416
32.3 632.972
32.4 629.528
32.5 626.085
32.6 622.641
32.7 619.197
32.8 615.753
32.9 612.31
33 608.866
33.1 605.422
33.2 601.978
33.3 598.535
33.4 595.091
33.5 591.647
33.6 588.203
33.7 584.76
33.8 581.568
33.9 579.15
34 576.731
34.1 574.312
34.2 571.893
34.3 569.475
34.4 567.056
34.5 564.637
34.6 562.218
34.7 559.799
34.8 557.381
34.9 554.962
35 552.543
35.1 550.124
35.2 547.706
35.3 545.287
35.4 542.868
35.5 540.449
35.6 538.03
35.7 535.612
35.8 533.193
35.9 530.774
36 528.355
36.1 525.937
36.2 523.518
36.3 521.099
36.4 518.68
36.5 516.262
36.6 513.843
36.7 511.424
36.8 509.005
36.9 506.586
37 504.168
37.1 501.749
37.2 499.33
37.3 496.911
37.4 494.493
37.5 492.074
37.6 489.655
37.7 487.236
37.8 484.818
37.9 482.399
38 479.98
38.1 477.561
38.2 475.142
38.3 472.724
38.4 470.305
38.5 467.886
38.6 465.467
38.7 463.049
38.8 460.63
38.9 458.211
39 455.792
39.1 453.373
39.2 450.955
39.3 448.536
39.4 446.117
39.5 443.698
39.6 441.28
39.7 438.861
39.8 436.442
39.9 434.023
40 431.605
40.1 429.186
40.2 426.767
40.3 424.4
40.4 422.465
40.5 420.53
40.6 418.594
40.7 416.659
40.8 414.724
40.9 412.788
41 410.853
41.1 408.918
41.2 406.982
41.3 405.047
41.4 403.112
41.5 401.176
41.6 399.241
41.7 397.306
41.8 395.37
41.9 393.435
42 391.5
42.1 389.565
42.2 387.629
42.3 385.694
42.4 383.759
42.5 381.823
42.6 379.888
42.7 377.953
42.8 376.017
42.9 374.082
43 372.147
43.1 370.211
43.2 368.276
43.3 366.341
43.4 364.405
43.5 362.47
43.6 360.535
43.7 358.599
43.8 356.664
43.9 354.729
44 352.793
44.1 350.858
44.2 348.923
44.3 346.987
44.4 345.052
44.5 343.117
44.6 341.181
44.7 339.246
44.8 337.311
44.9 335.375
45 333.44
45.1 331.505
45.2 329.57
45.3 327.634
45.4 325.699
45.5 323.764
45.6 321.828
45.7 319.893
45.8 317.958
45.9 316.022
46 314.087
46.1 312.152
46.2 310.216
46.3 308.281
46.4 306.346
46.5 304.41
46.6 302.475
46.7 300.54
46.8 298.604
46.9 298.07
47 297.672
47.1 297.274
47.2 296.876
47.3 296.478
47.4 296.081
47.5 295.683
47.6 295.285
47.7 294.887
47.8 294.489
47.9 294.091
48 293.693
48.1 293.295
48.2 292.898
48.3 292.5
48.4 292.102
48.5 291.704
48.6 291.306
48.7 290.908
48.8 290.51
48.9 290.112
49 289.714
49.1 289.317
49.2 288.919
49.3 288.521
49.4 288.123
49.5 287.725
49.6 287.327
49.7 286.929
49.8 286.531
49.9 286.133
50 285.736
50.1 285.338
50.2 284.94
50.3 284.542
50.4 284.144
50.5 283.746
50.6 283.348
50.7 282.95
50.8 282.552
50.9 282.155
51 281.757
51.1 281.359
51.2 280.961
51.3 280.563
51.4 280.165
51.5 279.767
51.6 279.369
51.7 278.971
51.8 278.574
51.9 278.176
52 277.778
52.1 277.38
52.2 276.982
52.3 277.016
52.4 277.087
52.5 277.158
52.6 277.229
52.7 277.299
52.8 277.37
52.9 277.441
53 277.511
53.1 277.582
53.2 277.653
53.3 277.723
53.4 277.794
53.5 277.865
53.6 277.935
53.7 278.006
53.8 278.077
53.9 278.147
54 278.218
54.1 278.289
54.2 278.359
54.3 278.43
54.4 278.501
54.5 278.572
54.6 278.642
54.7 278.713
54.8 278.784
54.9 278.854
55 278.925
55.1 278.996
55.2 279.066
55.3 279.137
55.4 279.208
55.5 279.278
55.6 279.349
55.7 279.42
55.8 279.49
55.9 279.561
56 279.632
56.1 279.702
56.2 279.773
56.3 279.844
56.4 279.914
56.5 279.985
56.6 280.056
56.7 280.127
56.8 280.197
56.9 280.268
57 280.339
57.1 280.409
57.2 280.48
57.3 280.551
57.4 280.621
57.5 280.692
57.6 280.763
57.7 280.833
57.8 280.904
57.9 280.975
58 281.045
58.1 281.116
58.2 281.187
58.3 281.257
58.4 281.328
58.5 281.399
58.6 281.47
58.7 281.54
58.8 281.611
58.9 281.682
59 281.752
59.1 281.823
59.2 281.894
59.3 281.986
59.4 282.081
59.5 282.175
59.6 282.27
59.7 282.364
59.8 282.459
59.9 282.553
60 282.648
60.1 282.742
60.2 282.837
60.3 282.932
60.4 283.026
60.5 283.121
60.6 283.215
60.7 283.31
60.8 283.404
60.9 283.499
61 283.593
61.1 283.688
61.2 283.782
61.3 283.877
61.4 283.971
61.5 284.066
61.6 284.161
61.7 284.255
61.8 284.35
61.9 284.444
62 284.539
62.1 284.633
62.2 284.728
62.3 284.822
62.4 284.917
62.5 285.011
62.6 285.106
62.7 285.2
62.8 285.295
62.9 285.39
63 285.484
63.1 285.579
63.2 285.673
63.3 285.768
63.4 285.862
63.5 285.957
63.6 286.051
63.7 286.146
63.8 286.24
63.9 286.335
64 286.429
64.1 286.524
64.2 286.619
64.3 286.713
64.4 286.808
64.5 286.902
64.6 286.971
64.7 286.706
64.8 286.442
64.9 286.177
65 285.913
65.1 285.648
65.2 285.384
65.3 285.119
65.4 284.855
65.5 284.59
65.6 284.326
65.7 284.061
65.8 283.797
65.9 283.532
66 283.268
66.1 283.003
66.2 282.739
66.3 282.474
66.4 282.21
66.5 281.946
66.6 281.681
66.7 281.417
66.8 281.152
66.9 280.888
67 280.623
67.1 280.359
67.2 280.094
67.3 279.83
67.4 279.565
67.5 279.301
67.6 279.036
67.7 278.772
67.8 278.507
67.9 278.243
68 277.978
68.1 277.714
68.2 277.449
68.3 277.185
68.4 276.92
68.5 276.656
68.6 276.391
68.7 276.127
68.8 275.862
68.9 275.598
69 275.333
69.1 275.069
69.2 274.804
69.3 274.54
69.4 274.276
69.5 274.011
69.6 273.747
69.7 273.482
69.8 273.218
69.9 272.953
70 272.689
70.1 272.424
70.2 272.16
70.3 271.895
70.4 271.631
70.5 271.366
70.6 271.074
70.7 270.772
70.8 270.47
70.9 270.168
71 269.866
71.1 269.564
71.2 269.262
71.3 268.96
71.4 268.658
71.5 268.356
71.6 268.054
71.7 267.752
71.8 267.45
71.9 267.148
72 266.846
72.1 266.544
72.2 266.242
72.3 265.94
72.4 265.638
72.5 265.336
72.6 265.034
72.7 264.732
72.8 264.43
72.9 264.128
73 263.826
73.1 263.524
73.2 263.222
73.3 262.92
73.4 262.618
73.5 262.316
73.6 262.014
73.7 261.712
73.8 261.41
73.9 261.108
74 260.806
74.1 260.504
74.2 260.202
74.3 259.9
74.4 259.598
74.5 259.296
74.6 258.994
74.7 258.692
74.8 258.39
74.9 258.088
75 257.786
75.1 257.484
75.2 257.182
75.3 256.88
75.4 256.578
75.5 256.276
75.6 255.974
75.7 255.672
75.8 255.37
75.9 255.068
76 254.766
76.1 254.464
76.2 254.162
76.3 253.86
76.4 253.558
76.5 253.256
76.6 252.954
76.7 252.652
76.8 252.35
76.9 252.048
77 251.746
77.1 251.376
77.2 251.003
77.3 250.631
77.4 250.258
77.5 249.886
77.6 249.513
77.7 249.141
77.8 248.768
77.9 248.396
78 248.023
78.1 247.651
78.2 247.278
78.3 246.905
78.4 246.533
78.5 246.16
78.6 245.788
78.7 245.415
78.8 245.043
78.9 244.67
79 244.298
79.1 243.925
79.2 243.553
79.3 243.18
79.4 242.808
79.5 242.435
79.6 242.063
79.7 241.69
79.8 241.317
79.9 240.945
80 240.572
80.1 240.2
80.2 239.827
80.3 239.455
80.4 239.082
80.5 238.71
80.6 238.337
80.7 237.965
80.8 237.592
80.9 237.22
81 236.847
81.1 236.475
81.2 236.102
81.3 235.73
81.4 235.357
81.5 234.984
81.6 234.612
81.7 234.239
81.8 233.867
81.9 233.433
82 232.89
82.1 232.347
82.2 231.803
82.3 231.26
82.4 230.717
82.5 230.174
82.6 229.631
82.7 229.088
82.8 228.545
82.9 228.002
83 227.459
83.1 226.916
83.2 226.372
83.3 225.829
83.4 225.286
83.5 224.743
83.6 224.2
83.7 223.657
83.8 223.114
83.9 222.571
84 222.028
84.1 221.484
84.2 220.941
84.3 220.398
84.4 219.855
84.5 219.312
84.6 218.769
84.7 218.226
84.8 217.683
84.9 217.14
85 216.597
85.1 216.053
85.2 215.51
85.3 214.967
85.4 214.424
85.5 213.881
85.6 213.338
85.7 212.795
85.8 212.252
85.9 211.709
86 211.165
86.1 210.622
86.2 210.079
86.3 209.536
86.4 208.993
86.5 208.45
86.6 207.907
86.7 207.364
86.8 206.821
86.9 206.278
87 205.734
87.1 205.191
87.2 204.648
87.3 204.105
87.4 203.562
87.5 203.019
87.6 202.476
87.7 201.933
87.8 201.39
87.9 200.535
88 199.634
88.1 198.733
88.2 197.833
88.3 196.932
88.4 196.031
88.5 195.13
88.6 194.229
88.7 193.328
88.8 192.427
88.9 191.526
89 190.625
89.1 189.724
89.2 188.824
89.3 187.923
89.4 187.022
89.5 186.121
89.6 185.22
89.7 184.319
89.8 183.418
89.9 182.517
90 181.616
90.1 180.715
90.2 179.815
90.3 178.914
90.4 178.013
90.5 177.112
90.6 176.211
90.7 175.31
90.8 174.409
90.9 173.508
91 172.607
91.1 171.706
91.2 170.805
91.3 169.905
91.4 169.004
91.5 168.103
91.6 167.202
91.7 166.301
91.8 165.4
91.9 164.499
92 163.598
92.1 162.697
92.2 161.796
92.3 160.896
92.4 159.995
92.5 159.094
92.6 158.193
92.7 157.292
92.8 156.391
92.9 155.49
93 154.589
93.1 153.688
93.2 152.787
93.3 152.078
93.4 151.516
93.5 150.955
93.6 150.393
93.7 149.832
93.8 149.27
93.9 148.709
94 148.147
94.1 147.586
94.2 147.024
94.3 146.463
94.4 145.901
94.5 145.34
94.6 144.778
94.7 144.217
94.8 143.655
94.9 143.094
95 142.532
95.1 141.971
95.2 141.409
95.3 140.848
95.4 140.286
95.5 139.725
95.6 139.163
95.7 138.602
95.8 138.04
95.9 137.479
96 136.917
96.1 136.356
96.2 135.794
96.3 135.233
96.4 134.671
96.5 134.11
96.6 133.548
96.7 132.987
96.8 132.425
96.9 131.864
97 131.302
97.1 130.741
97.2 130.179
97.3 129.618
97.4 129.056
97.5 128.495
97.6 127.933
97.7 127.372
97.8 126.81
97.9 126.249
98 125.687
98.1 125.126
98.2 124.564
98.3 124.003
98.4 123.441
98.5 122.88
98.6 122.318
98.7 121.83
98.8 121.483
98.9 121.136
99 120.789
99.1 120.442
99.2 120.095
99.3 119.748
99.4 119.401
99.5 119.054
99.6 118.707
99.7 118.36
99.8 118.013
99.9 117.666
100 117.319
100.1 116.972
100.2 116.625
100.3 116.278
100.4 115.93
100.5 115.583
100.6 115.236
100.7 114.889
100.8 114.542
100.9 114.195
101 113.848
101.1 113.501
101.2 113.154
101.3 112.807
101.4 112.46
101.5 112.113
101.6 111.766
101.7 111.419
101.8 111.072
101.9 110.725
102 110.378
102.1 110.031
102.2 109.684
102.3 109.336
102.4 108.989
102.5 108.642
102.6 108.295
102.7 107.948
102.8 107.601
102.9 107.254
103 106.907
103.1 106.56
103.2 106.213
103.3 105.866
103.4 105.519
103.5 105.172
103.6 104.825
103.7 104.478
103.8 104.131
103.9 103.784
104 103.437
104.1 103.149
104.2 103.085
104.3 103.02
104.4 102.956
104.5 102.892
104.6 102.827
104.7 102.763
104.8 102.698
104.9 102.634
105 102.57
105.1 102.505
105.2 102.441
105.3 102.376
105.4 102.312
105.5 102.248
105.6 102.183
105.7 102.119
105.8 102.054
105.9 101.99
106 101.926
106.1 101.861
106.2 101.797
106.3 101.733
106.4 101.668
106.5 101.604
106.6 101.539
106.7 101.475
106.8 101.411
106.9 101.346
107 101.282
107.1 101.217
107.2 101.153
107.3 101.089
107.4 101.024
107.5 100.96
107.6 100.895
107.7 100.831
107.8 100.767
107.9 100.702
108 100.638
108.1 100.574
108.2 100.509
108.3 100.445
108.4 100.38
108.5 100.316
108.6 100.252
108.7 100.187
108.8 100.123
108.9 100.058
109 99.9941
109.1 99.9297
109.2 99.8653
109.3 99.8009
109.4 99.7365
109.5 99.6721
109.6 99.6077
109.7 99.5433
109.8 99.479
109.9 99.4146
110 99.3502
110.1 99.5008
110.2 99.6773
110.3 99.8537
110.4 100.03
110.5 100.207
110.6 100.383
110.7 100.56
110.8 100.736
110.9 100.913
111 101.089
111.1 101.266
111.2 101.442
111.3 101.618
111.4 101.795
111.5 101.971
111.6 102.148
111.7 102.324
111.8 102.501
111.9 102.677
112 102.854
112.1 103.03
112.2 103.207
112.3 103.383
112.4 103.56
112.5 103.736
112.6 103.913
112.7 104.089
112.8 104.266
112.9 104.442
113 104.619
113.1 104.795
113.2 104.971
113.3 105.148
113.4 105.324
113.5 105.501
113.6 105.677
113.7 105.854
113.8 106.03
113.9 106.207
114 106.383
114.1 106.56
114.2 106.736
114.3 106.913
114.4 107.14
114.5 107.373
114.6 107.606
114.7 107.838
114.8 108.071
114.9 108.303
115 108.536
115.1 108.769
115.2 109.001
115.3 109.234
115.4 109.467
115.5 109.699
115.6 109.932
115.7 110.165
115.8 110.397
115.9 110.63
116 110.862
116.1 111.095
116.2 111.328
116.3 111.56
116.4 111.793
116.5 112.026
116.6 112.258
116.7 112.491
116.8 112.724
116.9 112.956
117 113.189
117.1 113.421
117.2 113.654
117.3 113.887
117.4 114.119
117.5 114.352
117.6 114.585
117.7 114.817
117.8 115.05
117.9 115.283
118 115.515
118.1 115.748
118.2 115.98
118.3 116.213
118.4 116.446
118.5 116.678
118.6 116.911
118.7 117.144
118.8 117.376
118.9 117.609
119 117.842
119.1 118.074
119.2 118.307
119.3 118.539
119.4 118.772
119.5 119.005
119.6 119.237
119.7 119.466
119.8 119.678
119.9 119.89
120 120.102
120.1 120.314
120.2 120.526
120.3 120.739
120.4 120.951
120.5 121.163
120.6 121.375
120.7 121.587
120.8 121.799
120.9 122.011
121 122.224
121.1 122.436
121.2 122.648
121.3 122.86
121.4 123.072
121.5 123.284
121.6 123.496
121.7 123.709
121.8 123.921
121.9 124.133
122 124.345
122.1 124.557
122.2 124.769
122.3 124.981
122.4 125.194
122.5 125.406
122.6 125.618
122.7 125.83
122.8 126.042
122.9 126.254
123 126.466
123.1 126.679
123.2 126.891
123.3 127.103
123.4 127.315
123.5 127.527
123.6 127.739
123.7 127.951
123.8 128.163
123.9 128.376
124 128.52
124.1 128.431
124.2 128.343
124.3 128.255
124.4 128.167
124.5 128.079
124.6 127.991
124.7 127.903
124.8 127.815
124.9 127.727
125 127.639
125.1 127.551
125.2 127.462
125.3 127.374
125.4 127.286
125.5 127.198
125.6 127.11
125.7 127.022
125.8 126.934
125.9 126.846
126 126.758
126.1 126.67
126.2 126.581
126.3 126.493
126.4 126.405
126.5 126.317
126.6 126.229
126.7 126.141
126.8 126.053
126.9 125.965
127 125.877
127.1 125.789
127.2 125.7
127.3 125.612
127.4 125.524
127.5 125.436
127.6 125.348
127.7 125.26
127.8 125.172
127.9 125.084
128 124.996
128.1 124.908
128.2 124.819
128.3 124.731
128.4 124.643
128.5 124.555
128.6 124.467
128.7 124.379
128.8 124.291
128.9 124.203
129 124.115
129.1 124.027
129.2 123.939
129.3 123.85
129.4 123.658
129.5 123.219
129.6 122.779
129.7 122.34
129.8 121.9
129.9 121.461
130 121.021
130.1 120.581
130.2 120.142
130.3 119.702
130.4 119.263
130.5 118.823
130.6 118.384
130.7 117.944
130.8 117.505
130.9 117.065
131 116.626
131.1 116.186
131.2 115.747
131.3 115.307
131.4 114.868
131.5 114.428
131.6 113.989
131.7 113.549
131.8 113.11
131.9 112.67
132 112.23
132.1 111.791
132.2 111.351
132.3 110.912
132.4 110.472
132.5 110.033
132.6 109.593
132.7 109.154
132.8 108.714
132.9 108.275
133 107.835
133.1 107.396
133.2 106.956
133.3 106.517
133.4 106.077
133.5 105.638
133.6 105.198
133.7 104.758
133.8 103.991
133.9 103.201
134 102.412
134.1 101.622
134.2 100.833
134.3 100.043
134.4 99.2535
134.5 98.464
134.6 97.6745
134.7 96.885
134.8 96.0954
134.9 95.3059
135 94.5164
135.1 93.7269
135.2 92.9373
135.3 92.1478
135.4 91.3583
135.5 90.5688
135.6 89.7792
135.7 88.9897
135.8 88.2002
135.9 87.4107
136 86.6212
136.1 85.8316
136.2 85.0421
136.3 84.2526
136.4 83.4631
136.5 82.6735
136.6 81.884
136.7 81.0945
136.8 80.305
136.9 79.5154
137 78.7259
137.1 77.9364
137.2 77.1469
137.3 76.3574
137.4 75.5678
137.5 74.7783
137.6 73.9888
137.7 73.1993
137.8 72.4097
137.9 71.6202
138 70.8307
138.1 70.0412
138.2 69.2516
138.3 68.4621
138.4 67.6726
138.5 66.8831
138.6 66.0935
138.7 65.8594
138.8 65.8306
138.9 65.8018
139 65.7731
139.1 65.7443
139.2 65.7155
139.3 65.6867
139.4 65.658
139.5 65.6292
139.6 65.6004
139.7 65.5716
139.8 65.5428
139.9 65.5141
140 65.4853
140.1 65.4565
140.2 65.4277
140.3 65.3989
140.4 65.3702
140.5 65.3414
140.6 65.3126
140.7 65.2838
140.8 65.2551
140.9 65.2263
141 65.1975
141.1 65.1687
141.2 65.1399
141.3 65.1112
141.4 65.0824
141.5 65.0536
141.6 65.0248
141.7 64.9961
141.8 64.9673
141.9 64.9385
142 64.9097
142.1 64.8809
142.2 64.8522
142.3 64.8234
142.4 64.7946
142.5 64.7658
142.6 64.7371
142.7 64.7083
142.8 64.6795
142.9 64.6507
143 64.5901
143.1 64.5085
143.2 64.4269
143.3 64.3453
143.4 64.2637
143.5 64.1821
143.6 64.1005
143.7 64.0189
143.8 63.9373
143.9 63.8557
144 63.7741
144.1 63.6925
144.2 63.6109
144.3 63.5293
144.4 63.4477
144.5 63.3661
144.6 63.2845
144.7 63.2029
144.8 63.1213
144.9 63.0397
145 62.9581
145.1 62.8765
145.2 62.7949
145.3 62.7133
145.4 62.6317
145.5 62.5501
145.6 62.4685
145.7 62.3869
145.8 62.3053
145.9 62.2237
146 62.1421
146.1 62.0605
146.2 61.9789
146.3 61.8973
146.4 61.8157
146.5 61.7341
146.6 61.6525
146.7 61.5709
146.8 61.4893
146.9 61.4077
147 61.3261
147.1 61.2445
147.2 61.1629
147.3 61.2722
147.4 61.6475
147.5 62.0228
147.6 62.3981
147.7 62.7734
147.8 63.1487
147.9 63.524
148 63.8993
148.1 64.2746
148.2 64.6499
148.3 65.0252
148.4 65.4006
148.5 65.7759
148.6 66.1512
148.7 66.5265
148.8 66.9018
148.9 67.2771
149 67.6524
149.1 68.0277
149.2 68.403
149.3 68.7783
149.4 69.1536
149.5 69.5289
149.6 69.9042
149.7 70.2796
149.8 70.6549
149.9 71.0302
150 71.4055
150.1 71.7808
150.2 72.1561
150.3 72.5314
150.4 72.9067
150.5 73.282
150.6 73.6573
150.7 74.0326
150.8 74.4079
150.9 74.7832
151 75.1585
151.1 75.5339
151.2 75.9092
151.3 76.2845
151.4 76.6598
151.5 77.0351
151.6 77.4104
151.7 77.7857
151.8 78.161
151.9 78.5363
152 78.9116
152.1 79.3715
152.2 79.9984
152.3 80.6253
152.4 81.2521
152.5 81.879
152.6 82.5059
152.7 83.1327
152.8 83.7596
152.9 84.3865
153 85.0133
153.1 85.6402
153.2 86.267
153.3 86.8939
153.4 87.5208
153.5 88.1476
153.6 88.7745
153.7 89.4014
153.8 90.0282
153.9 90.6551
154 91.282
154.1 91.9088
154.2 92.5357
154.3 93.1625
154.4 93.7894
154.5 94.4163
154.6 95.0431
154.7 95.67
154.8 96.2969
154.9 96.9237
155 97.5506
155.1 98.1775
155.2 98.8043
155.3 99.4312
155.4 100.058
155.5 100.685
155.6 101.312
155.7 101.939
155.8 102.571
155.9 103.383
156 104.195
156.1 105.007
156.2 105.819
156.3 106.631
156.4 107.443
156.5 108.255
156.6 109.067
156.7 109.879
156.8 110.692
156.9 111.504
157 112.316
157.1 113.128
157.2 113.94
157.3 114.752
157.4 115.564
157.5 116.376
157.6 117.188
157.7 118
157.8 118.812
157.9 119.624
158 120.436
158.1 121.248
158.2 122.06
158.3 122.872
158.4 123.684
158.5 124.497
158.6 125.309
158.7 126.121
158.8 126.933
158.9 127.745
159 128.557
159.1 129.369
159.2 130.181
159.3 130.993
159.4 131.805
159.5 132.617
159.6 133.297
159.7 133.927
159.8 134.556
159.9 135.186
160 135.815
160.1 136.445
160.2 137.074
160.3 137.704
160.4 138.333
160.5 138.962
160.6 139.592
160.7 140.221
160.8 140.851
160.9 141.48
161 142.11
161.1 142.739
161.2 143.369
161.3 143.998
161.4 144.628
161.5 145.257
161.6 145.887
161.7 146.516
161.8 147.146
161.9 147.775
162 148.405
162.1 149.034
162.2 149.664
162.3 150.293
162.4 150.923
162.5 151.552
162.6 152.182
162.7 152.811
162.8 153.441
162.9 154.07
163 154.7
163.1 155.329
163.2 155.958
163.3 156.588
163.4 157.217
163.5 157.847
163.6 158.476
163.7 159.106
163.8 159.735
163.9 161.486
164 163.344
164.1 165.201
164.2 167.059
164.3 168.916
164.4 170.774
164.5 172.631
164.6 174.489
164.7 176.346
164.8 178.204
164.9 180.061
165 181.919
165.1 183.776
165.2 185.634
165.3 187.491
165.4 189.349
165.5 191.206
165.6 193.064
165.7 194.921
165.8 196.778
165.9 198.636
166 200.493
166.1 202.351
166.2 204.208
166.3 206.066
166.4 207.923
166.5 209.781
166.6 211.638
166.7 213.496
166.8 215.353
166.9 217.211
167 219.068
167.1 220.926
167.2 222.783
167.3 224.641
167.4 226.498
167.5 228.355
167.6 230.213
167.7 232.07
167.8 233.928
167.9 235.785
168 237.643
168.1 239.5
168.2 241.358
168.3 243.215
168.4 245.073
168.5 246.93
168.6 248.788
168.7 250.645
168.8 252.503
168.9 254.36
169 256.218
169.1 258.075
169.2 261.234
169.3 264.735
169.4 268.237
169.5 271.739
169.6 275.24
169.7 278.742
169.8 282.244
169.9 285.745
170 289.247
170.1 292.749
170.2 296.25
170.3 299.752
170.4 303.254
170.5 306.755
170.6 310.257
170.7 313.759
170.8 317.26
170.9 320.762
171 324.264
171.1 327.765
171.2 331.267
171.3 334.769
171.4 338.27
171.5 341.772
171.6 345.274
171.7 348.775
171.8 352.277
171.9 355.779
172 359.28
172.1 362.782
172.2 366.284
172.3 369.785
172.4 373.287
172.5 376.789
172.6 380.29
172.7 383.792
172.8 387.294
172.9 390.919
173 394.592
173.1 398.266
173.2 401.94
173.3 405.614
173.4 409.288
173.5 412.962
173.6 416.636
173.7 420.309
173.8 423.983
173.9 427.657
174 431.331
174.1 435.005
174.2 438.679
174.3 442.353
174.4 446.026
174.5 449.7
174.6 453.374
174.7 457.048
174.8 460.722
174.9 464.396
175 468.07
175.1 471.743
175.2 475.417
175.3 479.091
175.4 482.765
175.5 486.439
175.6 490.113
175.7 493.787
175.8 497.46
175.9 501.134
176 504.808
176.1 508.482
176.2 512.156
176.3 515.83
176.4 519.504
176.5 523.177
176.6 526.851
176.7 530.525
176.8 534.199
176.9 537.873
177 541.547
177.1 545.221
177.2 548.894
177.3 552.568
177.4 556.242
177.5 559.916
177.6 563.59
177.7 567.264
177.8 570.938
177.9 574.611
178 578.285
178.1 581.959
178.2 585.633
178.3 589.307
178.4 592.981
178.5 596.655
178.6 600.328
178.7 604.002
178.8 607.676
178.9 611.35
179 615.024
179.1 618.698
179.2 622.372
179.3 626.045
179.4 629.719
179.5 633.393
179.6 637.067
179.7 640.741
179.8 644.415
179.9 648.089
