0 1984.479723680529
8.287491311530154 1709.2865831168747
14.775363561685872 1472.806143813721
26.175358145496887 843.8896643942356
33.77535453470423 582.1645036695666
40.2892244920066 424.608867108827
46.8088717175638 298.4326364523256
52.20772890168714 276.9512588954957
59.20833370945757 281.89951712717817
64.59274772294387 286.9898671085781
70.52744653770117 271.2936013969605
77.00376425134726 251.73431310432284
81.86389117070922 233.62887934241735
87.81303315610359 201.3187894158663
93.24366531562839 152.39400791884546
98.66563157277102 121.94965999211371
104.07893192753139 103.1626331157313
110.01074210816128 99.34326899623798
114.30902968974263 106.92861997845431
119.67900053259194 119.42119049458411
123.97728811417326 128.53959029930377
129.3703680300418 123.78842023351288
133.70620785527944 104.73118252097724
138.62699609131693 65.88040532400304
142.93972684353534 64.63928951955599
147.25823486400853 61.115420572870114
152.06636636907717 79.16070353823223
155.79703734462308 102.54692636175557
159.527708320169 132.84207487070236
163.8086640969859 159.78993098858905
169.12086225728703 258.4625689381159
172.82842415981366 388.28890776429813
180 651.7624156648883
