0 0.0082638
0.1 0.0097697
0.2 0.0112756
0.3 0.0127815
0.4 0.0142874
0.5 0.0157933
0.6 0.0172992
0.7 0.0188051
0.8 0.020311
0.9 0.0218169
1 0.0233228
1.1 0.0248287
1.2 0.0263346
1.3 0.0278406
1.4 0.0295925
1.5 0.0315895
1.6 0.0335865
1.7 0.0355834
1.8 0.0375804
1.9 0.0395774
2 0.0415744
2.1 0.0435714
2.2 0.0455684
2.3 0.0475653
2.4 0.0495623
2.5 0.0515593
2.6 0.0535563
2.7 0.0555533
2.8 0.0575503
2.9 0.0595472
3 0.0615442
3.1 0.0635412
3.2 0.0655382
3.3 0.0675352
3.4 0.0695322
3.5 0.0715291
3.6 0.0735261
3.7 0.0755231
3.8 0.0775201
3.9 0.0795171
4 0.0815141
4.1 0.083511
4.2 0.085508
4.3 0.087505
4.4 0.089502
4.5 0.091499
4.6 0.093496
4.7 0.0954929
4.8 0.0974899
4.9 0.101892
5 0.110571
5.1 0.119249
5.2 0.127928
5.3 0.136606
5.4 0.145285
5.5 0.153963
5.6 0.162641
5.7 0.17132
5.8 0.179998
5.9 0.188677
6 0.197355
6.1 0.206034
6.2 0.214712
6.3 0.223391
6.4 0.232069
6.5 0.240748
6.6 0.249426
6.7 0.258104
6.8 0.266783
6.9 0.275461
7 0.28414
7.1 0.292818
7.2 0.301497
7.3 0.310175
7.4 0.318854
7.5 0.327532
7.6 0.336211
7.7 0.350409
7.8 0.374253
7.9 0.398097
8 0.42194
8.1 0.445784
8.2 0.469628
8.3 0.493471
8.4 0.517315
8.5 0.541159
8.6 0.565002
8.7 0.588846
8.8 0.61269
8.9 0.636534
9 0.660377
9.1 0.684221
9.2 0.708065
9.3 0.731908
9.4 0.755752
9.5 0.779596
9.6 0.803439
9.7 0.827283
9.8 0.867039
9.9 0.935961
10 1.00488
10.1 1.07381
10.2 1.14273
10.3 1.21165
10.4 1.28057
10.5 1.34949
10.6 1.41842
10.7 1.48734
10.8 1.55626
10.9 1.62518
11 1.6941
11.1 1.76303
11.2 1.83195
11.3 1.90087
11.4 1.96979
11.5 2.03871
11.6 2.10764
11.7 2.17656
11.8 2.24548
11.9 2.3144
12 2.38332
12.1 2.45225
12.2 2.52117
12.3 2.59009
12.4 2.65901
12.5 2.72793
12.6 2.79686
12.7 2.86578
12.8 2.9347
12.9 3.00362
13 3.07254
13.1 3.14146
13.2 3.21039
13.3 3.28217
13.4 3.3617
13.5 3.44123
13.6 3.52076
13.7 3.60029
13.8 3.67982
13.9 3.75935
14 3.83888
14.1 3.91841
14.2 3.99794
14.3 4.07747
14.4 4.157
14.5 4.23653
14.6 4.31605
14.7 4.39558
14.8 4.47511
14.9 4.55464
15 4.63417
15.1 4.7137
15.2 4.79323
15.3 4.87276
15.4 4.95229
15.5 5.03182
15.6 5.11135
15.7 5.19088
15.8 5.27041
15.9 5.34994
16 5.42947
16.1 5.509
16.2 5.58852
16.3 5.66805
16.4 5.74758
16.5 5.82711
16.6 5.90664
16.7 5.98617
16.8 6.0657
16.9 6.14523
17 6.22476
17.1 6.30429
17.2 6.38382
17.3 6.46335
17.4 6.54288
17.5 6.62241
17.6 6.70194
17.7 6.78147
17.8 6.86099
17.9 6.94052
18 7.02005
18.1 7.09958
18.2 7.17911
18.3 7.25864
18.4 7.33817
18.5 7.4177
18.6 7.49723
18.7 7.57676
18.8 7.65629
18.9 7.73582
19 7.81535
19.1 7.89488
19.2 7.97441
19.3 8.05394
19.4 8.13347
19.5 8.21299
19.6 8.29252
19.7 8.37205
19.8 8.45158
19.9 8.53111
20 8.61064
20.1 8.69017
20.2 8.7697
20.3 8.84923
20.4 8.87405
20.5 8.7712
20.6 8.66836
20.7 8.56551
20.8 8.46267
20.9 8.35982
21 8.25698
21.1 8.15413
21.2 8.05129
21.3 7.94845
21.4 7.8456
21.5 7.74276
21.6 7.63991
21.7 7.53707
21.8 7.43422
21.9 7.33138
22 7.22853
22.1 7.12569
22.2 7.02284
22.3 6.92
22.4 6.81716
22.5 6.71431
22.6 6.61147
22.7 6.50862
22.8 6.40578
22.9 6.30293
23 6.20009
23.1 6.09724
23.2 5.9944
23.3 5.89155
23.4 5.78871
23.5 5.68587
23.6 5.58302
23.7 5.48018
23.8 5.37733
23.9 5.27449
24 5.17164
24.1 5.0688
24.2 4.96595
24.3 4.86311
24.4 4.76026
24.5 4.65742
24.6 4.55457
24.7 4.4548
24.8 4.37553
24.9 4.29627
25 4.217
25.1 4.13773
25.2 4.05847
25.3 3.9792
25.4 3.89994
25.5 3.82067
25.6 3.74141
25.7 3.66214
25.8 3.58288
25.9 3.50361
26 3.42435
26.1 3.34508
26.2 3.26582
26.3 3.18655
26.4 3.10729
26.5 3.02802
26.6 2.94876
26.7 2.86949
26.8 2.79023
26.9 2.71096
27 2.6317
27.1 2.55243
27.2 2.47317
27.3 2.3939
27.4 2.31464
27.5 2.23537
27.6 2.1561
27.7 2.07684
27.8 1.99757
27.9 1.91831
28 1.83904
28.1 1.75978
28.2 1.68051
28.3 1.60125
28.4 1.55535
28.5 1.51196
28.6 1.46857
28.7 1.42518
28.8 1.38179
28.9 1.3384
29 1.29501
29.1 1.25162
29.2 1.20823
29.3 1.16484
29.4 1.12145
29.5 1.07806
29.6 1.03467
29.7 0.991278
29.8 0.947888
29.9 0.904498
30 0.861108
30.1 0.817718
30.2 0.774328
30.3 0.730938
30.4 0.687548
30.5 0.644158
30.6 0.600768
30.7 0.557378
30.8 0.513988
30.9 0.470598
31 0.427208
31.1 0.383818
31.2 0.340428
31.3 0.12378
31.4 0.0513665
31.5 0.0495852
31.6 0.0478038
31.7 0.0460224
31.8 0.0442411
31.9 0.0424597
32 0.0406783
32.1 0.0388969
32.2 0.0371156
32.3 0.0353342
32.4 0.0335528
32.5 0.0317715
32.6 0.0299901
32.7 0.0282087
32.8 0.0264274
32.9 0.024646
33 0.0228646
33.1 0.0210833
33.2 0.0193019
33.3 0.0175205
33.4 0.0157392
33.5 0.0139578
33.6 0.0132214
33.7 0.0128914
33.8 0.0125614
33.9 0.0122314
34 0.0119014
34.1 0.0115715
34.2 0.0112415
34.3 0.0109115
34.4 0.0105815
34.5 0.0102515
34.6 0.00992151
34.7 0.00959152
34.8 0.00926153
34.9 0.00893154
35 0.00860155
35.1 0.00827156
35.2 0.00794157
35.3 0.00761158
35.4 0.00728159
35.5 0.0069516
35.6 0.00662161
35.7 0.00629162
35.8 0.00596163
35.9 0.00563164
36 0.00530165
36.1 0.00497166
36.2 0.00464167
36.3 0.00431169
36.4 0.0039817
36.5 0.00359897
36.6 0.00317646
36.7 0.00275395
36.8 0.00233143
36.9 0.00190892
37 0.00148641
37.1 0.0010639
37.2 0.000641388
37.3 0.000348238
37.4 0.000329981
37.5 0.000311724
37.6 0.000293467
37.7 0.00027521
37.8 0.000256954
37.9 0.000238697
38 0.00022044
38.1 0.000202183
38.2 0.000183926
38.3 0.000165669
38.4 0.000147412
38.5 0.000129156
38.6 0.000110899
38.7 9.2642e-05
38.8 7.92401e-05
38.9 7.48547e-05
39 7.04693e-05
39.1 6.60839e-05
39.2 6.16985e-05
39.3 5.73131e-05
39.4 5.29277e-05
39.5 4.85423e-05
39.6 4.41569e-05
39.7 3.97715e-05
39.8 3.53861e-05
39.9 3.10007e-05
40 2.66153e-05
40.1 2.22299e-05
40.2 1.78445e-05
40.3 1.44639e-05
40.4 1.3667e-05
40.5 1.28702e-05
40.6 1.20733e-05
40.7 1.12765e-05
40.8 1.04796e-05
40.9 9.68278e-06
41 8.88593e-06
41.1 8.08908e-06
41.2 7.29223e-06
41.3 6.49538e-06
41.4 5.69853e-06
41.5 4.90168e-06
41.6 4.10483e-06
41.7 3.30798e-06
41.8 2.63958e-06
41.9 2.485e-06
42 2.33042e-06
42.1 2.17583e-06
42.2 2.02125e-06
42.3 1.86666e-06
42.4 1.71208e-06
42.5 1.5575e-06
42.6 1.40291e-06
42.7 1.24833e-06
42.8 1.09375e-06
42.9 9.39162e-07
43 7.84578e-07
43.1 6.29994e-07
43.2 4.7541e-07
43.3 3.20827e-07
43.4 2.97782e-07
43.5 2.86176e-07
43.6 2.7457e-07
43.7 2.62964e-07
43.8 2.51358e-07
43.9 2.39752e-07
44 2.28145e-07
44.1 2.16539e-07
44.2 2.04933e-07
44.3 1.93327e-07
44.4 1.81721e-07
44.5 1.70115e-07
44.6 1.58509e-07
44.7 1.46902e-07
44.8 1.35296e-07
44.9 1.2369e-07
45 1.12084e-07
45.1 1.00478e-07
45.2 8.88716e-08
45.3 7.72655e-08
45.4 6.56593e-08
45.5 5.40532e-08
45.6 4.65854e-08
45.7 4.1346e-08
45.8 3.61066e-08
45.9 3.08672e-08
46 2.56278e-08
46.1 2.03884e-08
46.2 1.5149e-08
46.3 9.9096e-09
46.4 7.96991e-09
46.5 7.73007e-09
46.6 7.49023e-09
46.7 7.2504e-09
46.8 7.01056e-09
46.9 6.77072e-09
47 6.53088e-09
47.1 6.29105e-09
47.2 6.05121e-09
47.3 5.81137e-09
47.4 5.57153e-09
47.5 5.3317e-09
47.6 5.09186e-09
47.7 4.85202e-09
47.8 4.61218e-09
47.9 4.37235e-09
48 4.13251e-09
48.1 3.89267e-09
48.2 3.65283e-09
48.3 3.413e-09
48.4 3.17316e-09
48.5 2.93332e-09
48.6 2.69348e-09
48.7 2.45365e-09
48.8 2.21381e-09
48.9 1.97397e-09
49 1.73413e-09
49.1 1.4943e-09
49.2 1.25446e-09
49.3 1.04241e-09
49.4 1.00107e-09
49.5 9.59726e-10
49.6 9.18383e-10
49.7 8.77041e-10
49.8 8.35698e-10
49.9 7.94355e-10
50 7.53012e-10
50.1 7.11669e-10
50.2 6.70326e-10
50.3 6.28984e-10
50.4 5.87641e-10
50.5 5.46298e-10
50.6 5.04955e-10
50.7 4.63612e-10
50.8 4.22269e-10
50.9 3.80926e-10
51 3.39584e-10
51.1 2.98241e-10
51.2 2.56898e-10
51.3 2.15555e-10
51.4 1.74212e-10
51.5 1.32869e-10
51.6 1.17651e-10
51.7 1.13103e-10
51.8 1.08554e-10
51.9 1.04006e-10
52 9.94579e-11
52.1 9.49096e-11
52.2 9.03614e-11
52.3 8.58132e-11
52.4 8.12649e-11
52.5 7.67167e-11
52.6 7.21685e-11
52.7 6.76203e-11
52.8 6.3072e-11
52.9 5.85238e-11
53 5.39756e-11
53.1 4.94274e-11
53.2 4.48791e-11
53.3 4.03309e-11
53.4 3.57827e-11
53.5 3.12345e-11
53.6 2.66862e-11
53.7 2.2138e-11
53.8 1.94963e-11
53.9 1.92812e-11
54 1.90661e-11
54.1 1.8851e-11
54.2 1.86359e-11
54.3 1.84208e-11
54.4 1.82057e-11
54.5 1.79906e-11
54.6 1.77754e-11
54.7 1.75603e-11
54.8 1.73452e-11
54.9 1.71301e-11
55 1.6915e-11
55.1 1.66999e-11
55.2 1.64848e-11
55.3 1.62696e-11
55.4 1.60545e-11
55.5 1.58394e-11
55.6 1.56243e-11
55.7 1.54092e-11
55.8 1.51941e-11
55.9 1.4979e-11
56 1.47638e-11
56.1 1.45487e-11
56.2 1.43336e-11
56.3 1.41185e-11
56.4 1.39034e-11
56.5 1.36883e-11
56.6 1.34732e-11
56.7 1.3258e-11
56.8 1.30429e-11
56.9 1.28278e-11
57 1.26127e-11
57.1 1.23976e-11
57.2 1.21825e-11
57.3 1.19674e-11
57.4 1.17522e-11
57.5 1.15371e-11
57.6 1.1322e-11
57.7 1.11069e-11
57.8 1.08918e-11
57.9 1.06767e-11
58 1.04616e-11
58.1 1.02464e-11
58.2 1.00313e-11
58.3 9.81621e-12
58.4 9.6011e-12
58.5 9.38598e-12
58.6 9.17087e-12
58.7 8.95576e-12
58.8 8.76745e-12
58.9 8.93534e-12
59 9.10323e-12
59.1 9.27111e-12
59.2 9.439e-12
59.3 9.60689e-12
59.4 9.77477e-12
59.5 9.94266e-12
59.6 1.01105e-11
59.7 1.02784e-11
59.8 1.04463e-11
59.9 1.06142e-11
60 1.07821e-11
60.1 1.095e-11
60.2 1.11179e-11
60.3 1.12858e-11
60.4 1.14536e-11
60.5 1.16215e-11
60.6 1.17894e-11
60.7 1.19573e-11
60.8 1.21252e-11
60.9 1.22931e-11
61 1.2461e-11
61.1 1.26289e-11
61.2 1.27967e-11
61.3 1.29646e-11
61.4 1.31325e-11
61.5 1.33004e-11
61.6 1.34683e-11
61.7 1.36362e-11
61.8 1.38041e-11
61.9 1.39719e-11
62 1.41398e-11
62.1 1.43077e-11
62.2 1.44756e-11
62.3 1.46435e-11
62.4 1.48114e-11
62.5 1.49793e-11
62.6 1.51472e-11
62.7 1.5315e-11
62.8 1.54829e-11
62.9 1.56508e-11
63 1.58187e-11
63.1 1.59866e-11
63.2 1.61545e-11
63.3 1.63224e-11
63.4 1.64902e-11
63.5 1.66581e-11
63.6 1.6826e-11
63.7 1.69939e-11
63.8 1.73663e-11
63.9 1.80725e-11
64 1.87787e-11
64.1 1.94849e-11
64.2 2.0191e-11
64.3 2.08972e-11
64.4 2.16034e-11
64.5 2.23096e-11
64.6 2.30158e-11
64.7 2.37219e-11
64.8 2.44281e-11
64.9 2.51343e-11
65 2.58405e-11
65.1 2.65466e-11
65.2 2.72528e-11
65.3 2.7959e-11
65.4 2.86652e-11
65.5 2.93713e-11
65.6 3.00775e-11
65.7 3.07837e-11
65.8 3.14899e-11
65.9 3.2196e-11
66 3.29022e-11
66.1 3.36084e-11
66.2 3.43146e-11
66.3 3.50207e-11
66.4 3.57269e-11
66.5 3.64331e-11
66.6 3.71393e-11
66.7 3.78454e-11
66.8 3.85516e-11
66.9 3.92578e-11
67 3.9964e-11
67.1 4.06701e-11
67.2 4.13763e-11
67.3 4.2372e-11
67.4 4.66971e-11
67.5 5.10223e-11
67.6 5.53474e-11
67.7 5.96725e-11
67.8 6.39976e-11
67.9 6.83228e-11
68 7.26479e-11
68.1 7.6973e-11
68.2 8.12981e-11
68.3 8.56233e-11
68.4 8.99484e-11
68.5 9.42735e-11
68.6 9.85986e-11
68.7 1.02924e-10
68.8 1.07249e-10
68.9 1.11574e-10
69 1.15899e-10
69.1 1.20224e-10
69.2 1.24549e-10
69.3 1.28875e-10
69.4 1.332e-10
69.5 1.37525e-10
69.6 1.4185e-10
69.7 1.46175e-10
69.8 1.505e-10
69.9 1.54825e-10
70 1.5915e-10
70.1 1.66979e-10
70.2 1.96333e-10
70.3 2.25686e-10
70.4 2.5504e-10
70.5 2.84393e-10
70.6 3.13747e-10
70.7 3.431e-10
70.8 3.72454e-10
70.9 4.01807e-10
71 4.31161e-10
71.1 4.60514e-10
71.2 4.89868e-10
71.3 5.19221e-10
71.4 5.48575e-10
71.5 5.77928e-10
71.6 6.07282e-10
71.7 6.36635e-10
71.8 6.65989e-10
71.9 6.95342e-10
72 7.24696e-10
72.1 7.54049e-10
72.2 7.83402e-10
72.3 8.12756e-10
72.4 8.42109e-10
72.5 8.71463e-10
72.6 9.00816e-10
72.7 9.3017e-10
72.8 9.59523e-10
72.9 9.88877e-10
73 1.01823e-09
73.1 1.04758e-09
73.2 1.07694e-09
73.3 1.10629e-09
73.4 1.13564e-09
73.5 1.165e-09
73.6 1.19435e-09
73.7 1.2237e-09
73.8 1.25306e-09
73.9 1.28241e-09
74 1.31177e-09
74.1 1.34112e-09
74.2 1.37047e-09
74.3 1.45969e-09
74.4 1.71076e-09
74.5 1.96184e-09
74.6 2.21291e-09
74.7 2.46398e-09
74.8 2.71505e-09
74.9 2.96613e-09
75 3.2172e-09
75.1 3.46827e-09
75.2 3.71935e-09
75.3 3.97042e-09
75.4 4.22149e-09
75.5 4.47257e-09
75.6 4.72364e-09
75.7 4.90972e-09
75.8 5.04678e-09
75.9 5.18384e-09
76 5.32089e-09
76.1 5.45795e-09
76.2 5.59501e-09
76.3 5.73206e-09
76.4 5.86912e-09
76.5 6.00618e-09
76.6 6.14324e-09
76.7 6.28029e-09
76.8 6.41735e-09
76.9 6.55441e-09
77 6.69146e-09
77.1 6.82852e-09
77.2 6.96558e-09
77.3 7.10263e-09
77.4 7.23969e-09
77.5 7.37675e-09
77.6 7.5138e-09
77.7 7.65086e-09
77.8 7.78792e-09
77.9 7.92498e-09
78 8.06203e-09
78.1 8.19909e-09
78.2 8.33615e-09
78.3 8.4732e-09
78.4 8.61026e-09
78.5 8.74732e-09
78.6 8.88437e-09
78.7 9.02143e-09
78.8 9.15849e-09
78.9 9.29555e-09
79 9.4326e-09
79.1 9.56966e-09
79.2 9.70672e-09
79.3 9.84377e-09
79.4 9.98083e-09
79.5 1.01179e-08
79.6 1.02549e-08
79.7 1.0392e-08
79.8 1.05291e-08
79.9 1.06661e-08
80 1.08032e-08
80.1 1.09402e-08
80.2 1.10773e-08
80.3 1.12143e-08
80.4 1.13514e-08
80.5 1.14885e-08
80.6 1.16255e-08
80.7 1.17626e-08
80.8 1.18996e-08
80.9 1.20367e-08
81 1.21737e-08
81.1 1.23108e-08
81.2 1.24479e-08
81.3 1.25849e-08
81.4 1.2722e-08
81.5 1.2859e-08
81.6 1.29961e-08
81.7 1.31331e-08
81.8 1.32702e-08
81.9 1.34073e-08
82 1.35443e-08
82.1 1.36814e-08
82.2 1.38184e-08
82.3 1.39555e-08
82.4 1.40925e-08
82.5 1.42296e-08
82.6 1.43667e-08
82.7 1.45037e-08
82.8 1.46408e-08
82.9 1.47778e-08
83 1.49149e-08
83.1 1.50519e-08
83.2 1.5189e-08
83.3 1.53261e-08
83.4 1.54631e-08
83.5 1.56002e-08
83.6 1.57372e-08
83.7 1.58743e-08
83.8 1.60113e-08
83.9 1.61484e-08
84 1.62855e-08
84.1 1.64225e-08
84.2 1.64417e-08
84.3 1.6298e-08
84.4 1.61544e-08
84.5 1.60107e-08
84.6 1.5867e-08
84.7 1.57234e-08
84.8 1.55797e-08
84.9 1.54361e-08
85 1.52924e-08
85.1 1.51488e-08
85.2 1.50051e-08
85.3 1.48615e-08
85.4 1.47178e-08
85.5 1.45742e-08
85.6 1.44305e-08
85.7 1.42868e-08
85.8 1.41432e-08
85.9 1.39995e-08
86 1.38559e-08
86.1 1.37122e-08
86.2 1.35686e-08
86.3 1.34249e-08
86.4 1.32813e-08
86.5 1.31376e-08
86.6 1.2994e-08
86.7 1.28503e-08
86.8 1.27066e-08
86.9 1.2563e-08
87 1.24193e-08
87.1 1.22757e-08
87.2 1.2132e-08
87.3 1.19884e-08
87.4 1.18447e-08
87.5 1.17011e-08
87.6 1.15574e-08
87.7 1.14137e-08
87.8 1.12701e-08
87.9 1.11264e-08
88 1.09828e-08
88.1 1.08391e-08
88.2 1.06955e-08
88.3 1.05518e-08
88.4 1.04082e-08
88.5 1.02645e-08
88.6 1.01209e-08
88.7 9.9772e-09
88.8 9.83355e-09
88.9 9.68989e-09
89 9.54624e-09
89.1 9.40258e-09
89.2 9.25893e-09
89.3 9.11527e-09
89.4 8.97162e-09
89.5 8.82797e-09
89.6 8.68431e-09
89.7 8.54066e-09
89.8 8.397e-09
89.9 8.25335e-09
90 8.12325e-09
90.1 7.99371e-09
90.2 7.86418e-09
90.3 7.73464e-09
90.4 7.60511e-09
90.5 7.47557e-09
90.6 7.34604e-09
90.7 7.21651e-09
90.8 7.08697e-09
90.9 6.95744e-09
91 6.8279e-09
91.1 6.69837e-09
91.2 6.56883e-09
91.3 6.4393e-09
91.4 6.30976e-09
91.5 6.18023e-09
91.6 6.0507e-09
91.7 5.92116e-09
91.8 5.79163e-09
91.9 5.66209e-09
92 5.53256e-09
92.1 5.40302e-09
92.2 5.27349e-09
92.3 5.14395e-09
92.4 5.01442e-09
92.5 4.88489e-09
92.6 4.75535e-09
92.7 4.62582e-09
92.8 4.49628e-09
92.9 4.36675e-09
93 4.23721e-09
93.1 4.10768e-09
93.2 3.97814e-09
93.3 3.84861e-09
93.4 3.71908e-09
93.5 3.58954e-09
93.6 3.46001e-09
93.7 3.33047e-09
93.8 3.20094e-09
93.9 3.0714e-09
94 2.94187e-09
94.1 2.81233e-09
94.2 2.6828e-09
94.3 2.6011e-09
94.4 2.55549e-09
94.5 2.50988e-09
94.6 2.46427e-09
94.7 2.41866e-09
94.8 2.37305e-09
94.9 2.32744e-09
95 2.28183e-09
95.1 2.23622e-09
95.2 2.19061e-09
95.3 2.145e-09
95.4 2.09939e-09
95.5 2.05378e-09
95.6 2.00817e-09
95.7 1.96257e-09
95.8 1.91696e-09
95.9 1.87135e-09
96 1.82574e-09
96.1 1.78013e-09
96.2 1.73452e-09
96.3 1.68891e-09
96.4 1.6433e-09
96.5 1.59769e-09
96.6 1.55208e-09
96.7 1.50647e-09
96.8 1.46086e-09
96.9 1.41525e-09
97 1.36964e-09
97.1 1.32403e-09
97.2 1.27842e-09
97.3 1.23281e-09
97.4 1.1872e-09
97.5 1.14159e-09
97.6 1.09598e-09
97.7 1.05037e-09
97.8 1.00476e-09
97.9 9.59149e-10
98 9.1354e-10
98.1 8.6793e-10
98.2 8.2232e-10
98.3 7.7671e-10
98.4 7.311e-10
98.5 6.85491e-10
98.6 6.39881e-10
98.7 5.94271e-10
98.8 5.48661e-10
98.9 5.03051e-10
99 4.57442e-10
99.1 4.11832e-10
99.2 3.66222e-10
99.3 3.20612e-10
99.4 2.97147e-10
99.5 2.90387e-10
99.6 2.83627e-10
99.7 2.76867e-10
99.8 2.70107e-10
99.9 2.63347e-10
100 2.56587e-10
100.1 2.49827e-10
100.2 2.43067e-10
100.3 2.36307e-10
100.4 2.29547e-10
100.5 2.22787e-10
100.6 2.16028e-10
100.7 2.09268e-10
100.8 2.02508e-10
100.9 1.95748e-10
101 1.88988e-10
101.1 1.82228e-10
101.2 1.75468e-10
101.3 1.68708e-10
101.4 1.61948e-10
101.5 1.55188e-10
101.6 1.48428e-10
101.7 1.41668e-10
101.8 1.34908e-10
101.9 1.28148e-10
102 1.21388e-10
102.1 1.14628e-10
102.2 1.07869e-10
102.3 1.01109e-10
102.4 9.43486e-11
102.5 8.75887e-11
102.6 8.08288e-11
102.7 7.40688e-11
102.8 6.73089e-11
102.9 6.05489e-11
103 5.44638e-11
103.1 5.44515e-11
103.2 5.44393e-11
103.3 5.4427e-11
103.4 5.44148e-11
103.5 5.44025e-11
103.6 5.43902e-11
103.7 5.4378e-11
103.8 5.43657e-11
103.9 5.43535e-11
104 5.43412e-11
104.1 5.4329e-11
104.2 5.43167e-11
104.3 5.43045e-11
104.4 5.42922e-11
104.5 5.42799e-11
104.6 5.42677e-11
104.7 5.42554e-11
104.8 5.42432e-11
104.9 5.42309e-11
105 5.42187e-11
105.1 5.42064e-11
105.2 5.41942e-11
105.3 5.41819e-11
105.4 5.41696e-11
105.5 5.41574e-11
105.6 5.41451e-11
105.7 5.41329e-11
105.8 5.41206e-11
105.9 5.41084e-11
106 5.40961e-11
106.1 5.40839e-11
106.2 5.40716e-11
106.3 5.40594e-11
106.4 5.40471e-11
106.5 5.40348e-11
106.6 5.40226e-11
106.7 5.40103e-11
106.8 5.39981e-11
106.9 5.39858e-11
107 5.39736e-11
107.1 5.39613e-11
107.2 5.39491e-11
107.3 5.39368e-11
107.4 5.39245e-11
107.5 5.39123e-11
107.6 5.39e-11
107.7 5.38878e-11
107.8 5.38755e-11
107.9 5.38633e-11
108 5.3851e-11
108.1 5.38388e-11
108.2 5.38265e-11
108.3 5.38142e-11
108.4 5.3802e-11
108.5 5.37897e-11
108.6 5.37775e-11
108.7 5.37652e-11
108.8 5.46525e-11
108.9 5.56398e-11
109 5.66271e-11
109.1 5.76144e-11
109.2 5.86016e-11
109.3 5.95889e-11
109.4 6.05762e-11
109.5 6.15635e-11
109.6 6.25507e-11
109.7 6.3538e-11
109.8 6.45253e-11
109.9 6.55125e-11
110 6.64998e-11
110.1 6.74871e-11
110.2 6.84744e-11
110.3 6.94616e-11
110.4 7.04489e-11
110.5 7.14362e-11
110.6 7.24235e-11
110.7 7.34107e-11
110.8 7.4398e-11
110.9 7.53853e-11
111 7.63725e-11
111.1 7.73598e-11
111.2 7.83471e-11
111.3 7.93344e-11
111.4 8.03216e-11
111.5 8.13089e-11
111.6 8.22962e-11
111.7 8.32835e-11
111.8 8.42707e-11
111.9 8.5258e-11
112 8.62453e-11
112.1 8.72325e-11
112.2 8.82198e-11
112.3 8.92071e-11
112.4 9.01944e-11
112.5 9.11816e-11
112.6 9.21689e-11
112.7 9.31562e-11
112.8 9.41435e-11
112.9 9.51307e-11
113 9.6118e-11
113.1 9.71053e-11
113.2 9.80925e-11
113.3 9.90798e-11
113.4 1.00067e-10
113.5 1.01054e-10
113.6 1.02042e-10
113.7 1.03029e-10
113.8 1.04016e-10
113.9 1.05003e-10
114 1.05991e-10
114.1 1.06978e-10
114.2 1.07965e-10
114.3 1.08953e-10
114.4 1.0994e-10
114.5 1.10927e-10
114.6 1.11914e-10
114.7 1.12902e-10
114.8 1.13889e-10
114.9 1.14876e-10
115 1.15863e-10
115.1 1.16851e-10
115.2 1.17838e-10
115.3 1.18825e-10
115.4 1.19813e-10
115.5 1.208e-10
115.6 1.21787e-10
115.7 1.22774e-10
115.8 1.23762e-10
115.9 1.24749e-10
116 1.25736e-10
116.1 1.26723e-10
116.2 1.27711e-10
116.3 1.28698e-10
116.4 1.29685e-10
116.5 1.30673e-10
116.6 1.33535e-10
116.7 1.36867e-10
116.8 1.40199e-10
116.9 1.43531e-10
117 1.46863e-10
117.1 1.50195e-10
117.2 1.53527e-10
117.3 1.56859e-10
117.4 1.6019e-10
117.5 1.63522e-10
117.6 1.66854e-10
117.7 1.70186e-10
117.8 1.73518e-10
117.9 1.7685e-10
118 1.80182e-10
118.1 1.83513e-10
118.2 1.86845e-10
118.3 1.90177e-10
118.4 1.93509e-10
118.5 1.96841e-10
118.6 2.00173e-10
118.7 2.03505e-10
118.8 2.06837e-10
118.9 2.10168e-10
119 2.135e-10
119.1 2.16832e-10
119.2 2.20164e-10
119.3 2.23496e-10
119.4 2.26828e-10
119.5 2.3016e-10
119.6 2.33491e-10
119.7 2.36823e-10
119.8 2.40155e-10
119.9 2.43487e-10
120 2.46819e-10
120.1 2.50151e-10
120.2 2.53483e-10
120.3 2.56815e-10
120.4 2.60146e-10
120.5 2.63478e-10
120.6 2.6681e-10
120.7 2.70142e-10
120.8 2.73474e-10
120.9 2.76806e-10
121 2.80138e-10
121.1 2.83469e-10
121.2 2.86801e-10
121.3 2.90133e-10
121.4 2.93465e-10
121.5 2.96797e-10
121.6 3.00129e-10
121.7 3.03461e-10
121.8 3.06793e-10
121.9 3.10124e-10
122 3.13456e-10
122.1 3.16788e-10
122.2 3.2012e-10
122.3 3.29479e-10
122.4 3.38837e-10
122.5 3.48196e-10
122.6 3.57555e-10
122.7 3.66913e-10
122.8 3.76272e-10
122.9 3.85631e-10
123 3.94989e-10
123.1 4.04348e-10
123.2 4.13707e-10
123.3 4.23065e-10
123.4 4.32424e-10
123.5 4.41783e-10
123.6 4.51141e-10
123.7 4.605e-10
123.8 4.69859e-10
123.9 4.79217e-10
124 4.88576e-10
124.1 4.97935e-10
124.2 5.07293e-10
124.3 5.16652e-10
124.4 5.26011e-10
124.5 5.35369e-10
124.6 5.44728e-10
124.7 5.54087e-10
124.8 5.63445e-10
124.9 5.72804e-10
125 5.82163e-10
125.1 5.91521e-10
125.2 6.0088e-10
125.3 6.10239e-10
125.4 6.19597e-10
125.5 6.28956e-10
125.6 6.38315e-10
125.7 6.47673e-10
125.8 6.57032e-10
125.9 6.66391e-10
126 6.75749e-10
126.1 6.85108e-10
126.2 6.94467e-10
126.3 7.03825e-10
126.4 7.13184e-10
126.5 7.22543e-10
126.6 7.31901e-10
126.7 7.4126e-10
126.8 7.50619e-10
126.9 7.59977e-10
127 7.69336e-10
127.1 7.78695e-10
127.2 7.95365e-10
127.3 8.23003e-10
127.4 8.50642e-10
127.5 8.7828e-10
127.6 9.05918e-10
127.7 9.33556e-10
127.8 9.61194e-10
127.9 9.88833e-10
128 1.01647e-09
128.1 1.04411e-09
128.2 1.07175e-09
128.3 1.09939e-09
128.4 1.12702e-09
128.5 1.15466e-09
128.6 1.1823e-09
128.7 1.20994e-09
128.8 1.23758e-09
128.9 1.26521e-09
129 1.29285e-09
129.1 1.32049e-09
129.2 1.34813e-09
129.3 1.37577e-09
129.4 1.40341e-09
129.5 1.43104e-09
129.6 1.45868e-09
129.7 1.48632e-09
129.8 1.51396e-09
129.9 1.5416e-09
130 1.56923e-09
130.1 1.59687e-09
130.2 1.62451e-09
130.3 1.65215e-09
130.4 1.67979e-09
130.5 1.70743e-09
130.6 1.73506e-09
130.7 1.7627e-09
130.8 1.79034e-09
130.9 1.81798e-09
131 1.84562e-09
131.1 1.87325e-09
131.2 1.90089e-09
131.3 1.92853e-09
131.4 1.95617e-09
131.5 1.98381e-09
131.6 2.01145e-09
131.7 2.03908e-09
131.8 2.06672e-09
131.9 2.09436e-09
132 2.122e-09
132.1 2.14964e-09
132.2 2.17126e-09
132.3 2.19221e-09
132.4 2.21316e-09
132.5 2.23411e-09
132.6 2.25507e-09
132.7 2.27602e-09
132.8 2.29697e-09
132.9 2.31793e-09
133 2.33888e-09
133.1 2.35983e-09
133.2 2.38078e-09
133.3 2.40174e-09
133.4 2.42269e-09
133.5 2.44364e-09
133.6 2.46459e-09
133.7 2.48555e-09
133.8 2.5065e-09
133.9 2.52745e-09
134 2.5484e-09
134.1 2.56936e-09
134.2 2.59031e-09
134.3 2.61126e-09
134.4 2.63221e-09
134.5 2.65317e-09
134.6 2.67412e-09
134.7 2.69507e-09
134.8 2.71602e-09
134.9 2.73698e-09
135 2.75793e-09
135.1 2.77888e-09
135.2 2.79983e-09
135.3 2.82079e-09
135.4 2.84174e-09
135.5 2.86269e-09
135.6 2.88364e-09
135.7 2.9046e-09
135.8 2.92555e-09
135.9 2.9465e-09
136 2.96745e-09
136.1 2.98841e-09
136.2 3.00936e-09
136.3 3.03031e-09
136.4 3.05126e-09
136.5 3.07222e-09
136.6 3.09317e-09
136.7 3.11412e-09
136.8 3.13507e-09
136.9 3.15603e-09
137 3.17698e-09
137.1 3.19793e-09
137.2 3.21888e-09
137.3 3.23984e-09
137.4 3.26079e-09
137.5 3.28174e-09
137.6 3.30269e-09
137.7 3.32365e-09
137.8 3.3446e-09
137.9 3.32864e-09
138 3.31268e-09
138.1 3.29673e-09
138.2 3.28077e-09
138.3 3.26481e-09
138.4 3.24885e-09
138.5 3.23289e-09
138.6 3.21694e-09
138.7 3.20098e-09
138.8 3.18502e-09
138.9 3.16906e-09
139 3.1531e-09
139.1 3.13714e-09
139.2 3.12119e-09
139.3 3.10523e-09
139.4 3.08927e-09
139.5 3.07331e-09
139.6 3.05735e-09
139.7 3.0414e-09
139.8 3.02544e-09
139.9 3.00948e-09
140 2.99352e-09
140.1 2.97756e-09
140.2 2.96161e-09
140.3 2.94565e-09
140.4 2.92969e-09
140.5 2.91373e-09
140.6 2.89777e-09
140.7 2.88181e-09
140.8 2.86586e-09
140.9 2.8499e-09
141 2.83394e-09
141.1 2.81798e-09
141.2 2.80202e-09
141.3 2.78607e-09
141.4 2.77011e-09
141.5 2.75415e-09
141.6 2.73819e-09
141.7 2.72223e-09
141.8 2.70628e-09
141.9 2.69032e-09
142 2.67436e-09
142.1 2.6584e-09
142.2 2.64244e-09
142.3 2.62648e-09
142.4 2.61053e-09
142.5 2.59457e-09
142.6 2.57861e-09
142.7 2.56265e-09
142.8 2.54669e-09
142.9 2.53074e-09
143 2.51478e-09
143.1 2.49882e-09
143.2 2.48286e-09
143.3 2.4669e-09
143.4 2.45095e-09
143.5 2.43499e-09
143.6 2.41903e-09
143.7 2.40307e-09
143.8 2.38711e-09
143.9 2.37115e-09
144 2.3552e-09
144.1 2.33924e-09
144.2 2.32328e-09
144.3 2.30732e-09
144.4 2.29136e-09
144.5 2.27541e-09
144.6 2.25945e-09
144.7 2.24349e-09
144.8 2.22753e-09
144.9 2.21157e-09
145 2.19562e-09
145.1 2.17966e-09
145.2 2.1637e-09
145.3 2.14774e-09
145.4 2.13178e-09
145.5 2.11582e-09
145.6 2.09987e-09
145.7 2.08439e-09
145.8 2.07083e-09
145.9 2.05727e-09
146 2.04371e-09
146.1 2.03015e-09
146.2 2.01659e-09
146.3 2.00303e-09
146.4 1.98947e-09
146.5 1.97591e-09
146.6 1.96236e-09
146.7 1.9488e-09
146.8 1.93524e-09
146.9 1.92168e-09
147 1.90812e-09
147.1 1.89456e-09
147.2 1.881e-09
147.3 1.86744e-09
147.4 1.85388e-09
147.5 1.84032e-09
147.6 1.82676e-09
147.7 1.8132e-09
147.8 1.79964e-09
147.9 1.78609e-09
148 1.77253e-09
148.1 1.75897e-09
148.2 1.74541e-09
148.3 1.73185e-09
148.4 1.71829e-09
148.5 1.70473e-09
148.6 1.69117e-09
148.7 1.67761e-09
148.8 1.66405e-09
148.9 1.65049e-09
149 1.63693e-09
149.1 1.62337e-09
149.2 1.60981e-09
149.3 1.59626e-09
149.4 1.5827e-09
149.5 1.56914e-09
149.6 1.55558e-09
149.7 1.54202e-09
149.8 1.52846e-09
149.9 1.5149e-09
150 1.50134e-09
150.1 1.48778e-09
150.2 1.47422e-09
150.3 1.46066e-09
150.4 1.4471e-09
150.5 1.43354e-09
150.6 1.41999e-09
150.7 1.40643e-09
150.8 1.39287e-09
150.9 1.37931e-09
151 1.36575e-09
151.1 1.35219e-09
151.2 1.33863e-09
151.3 1.32507e-09
151.4 1.31151e-09
151.5 1.30201e-09
151.6 1.29353e-09
151.7 1.28504e-09
151.8 1.27656e-09
151.9 1.26807e-09
152 1.25959e-09
152.1 1.2511e-09
152.2 1.24262e-09
152.3 1.23413e-09
152.4 1.22565e-09
152.5 1.21716e-09
152.6 1.20868e-09
152.7 1.20019e-09
152.8 1.19171e-09
152.9 1.18322e-09
153 1.17474e-09
153.1 1.16625e-09
153.2 1.15777e-09
153.3 1.14928e-09
153.4 1.1408e-09
153.5 1.13231e-09
153.6 1.12383e-09
153.7 1.11534e-09
153.8 1.10686e-09
153.9 1.09837e-09
154 1.08989e-09
154.1 1.08141e-09
154.2 1.07292e-09
154.3 1.06444e-09
154.4 1.05595e-09
154.5 1.04747e-09
154.6 1.03898e-09
154.7 1.0305e-09
154.8 1.02201e-09
154.9 1.01353e-09
155 1.00504e-09
155.1 9.96556e-10
155.2 9.88071e-10
155.3 9.79586e-10
155.4 9.71101e-10
155.5 9.62617e-10
155.6 9.54132e-10
155.7 9.45647e-10
155.8 9.37162e-10
155.9 9.28677e-10
156 9.20192e-10
156.1 9.11707e-10
156.2 9.03222e-10
156.3 8.94737e-10
156.4 8.86253e-10
156.5 8.77768e-10
156.6 8.69283e-10
156.7 8.60798e-10
156.8 8.52313e-10
156.9 8.43828e-10
157 8.35343e-10
157.1 8.26858e-10
157.2 8.18374e-10
157.3 8.09889e-10
157.4 8.01404e-10
157.5 7.92919e-10
157.6 7.84434e-10
157.7 7.75949e-10
157.8 7.67464e-10
157.9 7.58979e-10
158 7.50494e-10
158.1 7.4201e-10
158.2 7.33525e-10
158.3 7.2504e-10
158.4 7.16555e-10
158.5 7.0807e-10
158.6 6.99585e-10
158.7 6.911e-10
158.8 6.82615e-10
158.9 6.7413e-10
159 6.65646e-10
159.1 6.57161e-10
159.2 6.48676e-10
159.3 6.40191e-10
159.4 6.31706e-10
159.5 6.23221e-10
159.6 6.14736e-10
159.7 6.06251e-10
159.8 5.97766e-10
159.9 5.89282e-10
160 5.80797e-10
160.1 5.72312e-10
160.2 5.63827e-10
160.3 5.55342e-10
160.4 5.46857e-10
160.5 5.38372e-10
160.6 5.29887e-10
160.7 5.21402e-10
160.8 5.15244e-10
160.9 5.11413e-10
161 5.07581e-10
161.1 5.0375e-10
161.2 4.99918e-10
161.3 4.96087e-10
161.4 4.92255e-10
161.5 4.88424e-10
161.6 4.84592e-10
161.7 4.80761e-10
161.8 4.7693e-10
161.9 4.73098e-10
162 4.69267e-10
162.1 4.65435e-10
162.2 4.61604e-10
162.3 4.57772e-10
162.4 4.53941e-10
162.5 4.50109e-10
162.6 4.46278e-10
162.7 4.42446e-10
162.8 4.38615e-10
162.9 4.34783e-10
163 4.30952e-10
163.1 4.2712e-10
163.2 4.23289e-10
163.3 4.19457e-10
163.4 4.15626e-10
163.5 4.11794e-10
163.6 4.07963e-10
163.7 4.04132e-10
163.8 4.003e-10
163.9 3.96469e-10
164 3.92637e-10
164.1 3.88806e-10
164.2 3.84974e-10
164.3 3.81143e-10
164.4 3.77311e-10
164.5 3.7348e-10
164.6 3.69648e-10
164.7 3.65817e-10
164.8 3.61985e-10
164.9 3.58154e-10
165 3.54322e-10
165.1 3.50491e-10
165.2 3.46659e-10
165.3 3.42828e-10
165.4 3.38996e-10
165.5 3.35165e-10
165.6 3.31334e-10
165.7 3.27502e-10
165.8 3.24076e-10
165.9 3.21594e-10
166 3.19112e-10
166.1 3.16631e-10
166.2 3.14149e-10
166.3 3.11667e-10
166.4 3.09186e-10
166.5 3.06704e-10
166.6 3.04222e-10
166.7 3.01741e-10
166.8 2.99259e-10
166.9 2.96777e-10
167 2.94296e-10
167.1 2.91814e-10
167.2 2.89332e-10
167.3 2.86851e-10
167.4 2.84369e-10
167.5 2.81888e-10
167.6 2.79406e-10
167.7 2.76924e-10
167.8 2.74443e-10
167.9 2.71961e-10
168 2.69479e-10
168.1 2.66998e-10
168.2 2.64516e-10
168.3 2.62034e-10
168.4 2.59553e-10
168.5 2.57071e-10
168.6 2.54589e-10
168.7 2.52108e-10
168.8 2.49626e-10
168.9 2.47144e-10
169 2.44663e-10
169.1 2.42181e-10
169.2 2.397e-10
169.3 2.37218e-10
169.4 2.34736e-10
169.5 2.32255e-10
169.6 2.29773e-10
169.7 2.27291e-10
169.8 2.2481e-10
169.9 2.22328e-10
170 2.19846e-10
170.1 2.17365e-10
170.2 2.14883e-10
170.3 2.12401e-10
170.4 2.0992e-10
170.5 2.07438e-10
170.6 2.04957e-10
170.7 2.02475e-10
170.8 1.99993e-10
170.9 1.97512e-10
171 1.9503e-10
171.1 1.92548e-10
171.2 1.90067e-10
171.3 1.87585e-10
171.4 1.85103e-10
171.5 1.82622e-10
171.6 1.8014e-10
171.7 1.77658e-10
171.8 1.75177e-10
171.9 1.72695e-10
172 1.70213e-10
172.1 1.67732e-10
172.2 1.6525e-10
172.3 1.62769e-10
172.4 1.60287e-10
172.5 1.57805e-10
172.6 1.55324e-10
172.7 1.52842e-10
172.8 1.5036e-10
172.9 1.47879e-10
173 1.45397e-10
173.1 1.42915e-10
173.2 1.40434e-10
173.3 1.37952e-10
173.4 1.3547e-10
173.5 1.32989e-10
173.6 1.30507e-10
173.7 1.28402e-10
173.8 1.27177e-10
173.9 1.25952e-10
174 1.24727e-10
174.1 1.23502e-10
174.2 1.22276e-10
174.3 1.21051e-10
174.4 1.19826e-10
174.5 1.18601e-10
174.6 1.17375e-10
174.7 1.1615e-10
174.8 1.14925e-10
174.9 1.137e-10
175 1.12474e-10
175.1 1.11249e-10
175.2 1.10024e-10
175.3 1.08799e-10
175.4 1.07574e-10
175.5 1.06348e-10
175.6 1.05123e-10
175.7 1.03898e-10
175.8 1.02673e-10
175.9 1.01447e-10
176 1.00222e-10
176.1 9.89969e-11
176.2 9.77717e-11
176.3 9.65465e-11
176.4 9.53212e-11
176.5 9.4096e-11
176.6 9.28708e-11
176.7 9.16456e-11
176.8 9.04203e-11
176.9 8.91951e-11
177 8.79699e-11
177.1 8.67446e-11
177.2 8.55194e-11
177.3 8.42942e-11
177.4 8.3069e-11
177.5 8.18437e-11
177.6 8.06185e-11
177.7 7.93933e-11
177.8 7.8168e-11
177.9 7.69428e-11
178 7.57176e-11
178.1 7.44924e-11
178.2 7.32671e-11
178.3 7.20419e-11
178.4 7.08167e-11
178.5 6.95914e-11
178.6 6.83662e-11
178.7 6.7141e-11
178.8 6.59157e-11
178.9 6.46905e-11
179 6.34653e-11
179.1 6.22401e-11
179.2 6.10148e-11
179.3 5.97896e-11
179.4 5.85644e-11
179.5 5.73391e-11
179.6 5.61139e-11
179.7 5.48887e-11
179.8 5.36635e-11
179.9 5.24382e-11
